126430
231707
107018
85286.7
804297
33031.3
244830
27823.3
41955.4
176194
21070.4
25870.6
15571.7
43032.5
48185.9
10896.8
60085.3
13833.8
20156.9
26270.7
14995.4
45983.8
45133.9
3987.52
8654.15
24189.7
14284.3
24378.3
36003.7
20416.1
17548.8
11025.5
9932.69
23075
21093.7
19863.9
43268.1
25964.3
24753.1
12962.6
30817.4
27743
17846.5
14887.3
22746.2
23289.9
17767.1
4779.47
27726
26673.9
32185.4
2083.17
23859.9
39644.4
12992.1
20941.2
23342.4
19586.9
42831.4
25510.6
31407.2
22305.9
31921.9
20211.5
17969.5
10856.9
1979.25
13457.2
23082.5
7515.27
15443.4
27302.4
4681.06
32635.6
9032.14
35341.7
19627.8
22189.7
3505.66
17499.6
8670.36
12944.7
26717.1
13342.2
20367.9
21977.1
7133.73
11434.1
19343.5
1741.93
34532.7
13797.5
6583.78
13139.2
5567.37
30941.8
4101.54
7392
23909.9
19238
14366.9
3838.48
7371.87
5103.86
9339.23
28693.2
9279.48
20761.9
7320.47
5096.67
15070.2
5477.19
4548.54
2845.25
29405.9
5837.13
26540.6
15050.6
9229.14
13955.9
21178.7
16943.3
20316.9
19108
33328.4
38228.5
10691.4
5663.57
19947.6
32438
13695.3
9020.91
20888.4
20059.1
13533.8
9066.19
13673.1
18213.8
15852
13681.4
13346
6688.37
27030.9
17488.2
7547.37
6328.43
1357.05
1824.42
16932
6000.1
27782.1
13609.6
16351.9
2326.54
22716.2
18529.1
6483.42
25208.9
19515.4
3799.78
35291.4
13366.2
10333.4
14465.7
2247.8
12345.5
19032.7
2060.47
19550.7
19543.4
7753.08
27772.8
15520.9
10081.9
7281.19
12967.4
9498.6
15529.7
14739.7
7603.84
6103.97
14139.5
5824.95
11501.1
12654.7
10984.9
2183.93
20673.3
4809.34
14071.6
19413.1
6551.76
24408.8
8079.96
13057.4
5077.44
8447.42
2573.34
30192.9
14316.9
7572.57
20602.6
36487.1
20142.7
15290.4
21928.9
7474.33
15360.9
10150.7
1744.44
4493.5
13243.3
14349.7
5202.78
17579.8
7490.75
11676.9
11494
17728.5
14145.3
19042.2
15332.3
14231.3
10208.4
12433
7832.91
14113.2
10712.8
10944.2
6715.46
5917.06
14266.5
12104.2
27215.5
11919.7
8574.91
8061.67
18090.5
15061.1
9184.65
10465.6
3646.78
12201.3
1532.23
14180.4
8711.57
3866.03
12034.5
8291.35
8357.81
19219.1
10330.6
1367.81
13606.9
23956.4
3671.17
18983.5
12843
18788
13876
18419.5
11787.2
13859.2
21227.6
19054.9
9551.72
21984.3
9700.19
11336
7116.75
13010.2
33856.6
5025.06
6444.87
18242.3
1809.74
16204.3
8765.14
3796.19
16771.5
4805.61
7163.55
2755.39
21477.7
12902
8504.48
4224.29
10545.4
16264
15217.1
2812.61
2927.51
10102.5
14478.1
1831.65
3325.12
8693.21
15190.6
14829.5
12587.2
9436.31
3495.38
12749.7
29624.4
19617.3
7753.89
8159.34
11384.3
24232.3
7939.64
11593.4
8404.94
10703.1
8948.14
11433.8
20755.6
12130.1
15801.7
7515.07
12511.9
15523.8
6872.05
14520.5
16148.9
16741.5
7966.95
15861
13550.6
5526.44
4238.82
17251.3
9894.76
3990.82
2022.98
14544
11163.7
13694.9
3962.17
2590.66
21654.9
7907.82
3160.31
3580.17
4514.69
18898.9
8149.91
9880.99
7643.8
4758.91
3686.95
1284.61
14783.5
9276.19
6423.96
20031.3
13586.1
4943.74
13150.1
11633.8
9642.58
13365.2
13983.3
7184.85
13586.1
10416.5
18114.6
18665.1
8114.3
22504.7
16847.3
12196.8
3206.06
8348.12
13991.3
17126
15124.7
5324.01
20531.9
23108.7
7894.15
1931.47
13992.3
20588.8
8763.4
15731
1416.56
11502.4
6434.33
9928.16
12399.1
3698.61
8499.84
7079.28
10174
10729.7
9445.84
16188.2
10472.6
15614.2
5883.92
8687.09
15742.7
1888.39
5299.18
14883.4
7355.13
15430.5
4472.24
10209
6981.27
10156.3
12890.2
8891.73
8608.12
10261.3
14543.4
11396.5
7908.51
20536.1
9551.93
16923.6
9260.06
13129.3
3630.27
14899.3
9735.15
7542.72
9993.46
3963.94
11951.2
8480.51
7206.27
2832.92
13795.6
11032.8
5025.05
6762.8
3641.78
15376.3
11587
15765.4
3694.82
10705.1
10903.1
21849.8
15928.8
5463.42
26348.4
6606.81
4111.03
14243.3
15717
16341.3
12707
8004.8
8717.24
7214.25
2406.28
8445.65
13027.4
11111.3
3556.11
6743.02
11693.2
10066.1
3494.66
17397.4
1287.44
10814
6385.64
10988.4
22359.4
12932.1
11907.1
8047.89
17773.8
16275.8
7905.13
5194.99
14322.8
12597
13897.4
10054.7
2371.55
12838.6
19651.7
12796.4
11266.3
8128.36
16867.9
4757.9
4785.6
14935.5
8915.67
11314.2
17148.3
13789.8
9266.85
10210.3
5627.33
23061.3
4562.25
7060.7
8080.23
14742.7
6240.57
8162.38
9769.65
3060.08
12670.5
18191.2
9247.25
15311.2
3558.47
10516.5
6965.56
15465.4
10077.1
12248.9
17225.2
15223.7
25050.8
6860.53
17410.8
12033.9
23404.8
10310.9
15844.7
10716.2
7694.54
20431
16050.1
7595.05
17892.6
11465.4
19074.4
20469.5
10345.5
9756.25
14826.8
8583.73
11841.8
4560.77
15303.3
19840.3
18340.6
15533.7
5518.17
11316.1
3742.78
7944.27
2585.7
5138.62
14541.9
9294.08
7910.72
8899.9
8276.43
10845.4
27972.3
19840
6401.2
8005.73
17831.8
15840
1236.41
10856
12092.1
12834.9
7262.07
4921.77
9925.84
2809.32
14164.7
11122.7
10024.8
2649.83
14110.3
3254.57
10216.8
5351.52
18083.3
14916.9
15529.2
2024.15
3992.65
19163.6
21080
10408.9
6111.77
14802.1
8607.25
22585.6
12669.9
3595.53
9175.53
22604.7
17780.1
26563
5739.56
17403.5
16134.4
10141.8
8192.69
19142.6
21785.7
9514.27
3763.53
8128.28
10247.8
11333.6
10536
17999.4
16032
1340.41
18302.1
12134.9
18213.7
17394
16049.9
7234.54
6298.58
10282.2
18149.2
17893.6
17360.1
19256.4
1893.49
34779.6
8953.09
10909
11068
15230.4
17374.3
14313.9
28006.1
28072.5
9629.3
14545.8
25704
14946.4
9492.98
12467.3
6143.78
13193
15147.3
28862.1
9253.43
10165.6
20425.4
14553.6
27008.4
18899.1
22259.2
7000.7
10595.8
11575.7
4659.75
5721.41
8997.5
10395.2
9831.92
7305.21
10176.3
12852.9
6193.66
22765.3
5601.56
5458.77
9924.29
6737.02
13350.8
13372.6
10379.9
21889.8
7957.2
12005.2
12988.1
13126.8
16544.8
21716.1
6219.12
17771.2
20686.9
7571.07
23655.2
12350
29608.8
26517.1
13899.3
26700.9
16931.5
11932.8
6150.07
25247
2617.28
6041.05
14684.9
39721.8
17683.3
7802.45
17645.2
7066.36
39907
36695.1
33361.4
19100.5
22834.7
24917.9
40203.3
9795.39
19452.4
10864.4
19023.5
14170.3
5758.88
44413.1
30340.3
27149.2
24082.7
26195.1
7923.72
14886.6
9487.54
29835.3
23724.1
19874.1
24530.5
8831
49892
19487.4
32451.3
18569.4
24382.7
44187.6
9808.54
14732
25362.9
36781.5
17499.4
8695.18
12705.7
20296.1
17720.2
20104.8
19986.8
13989.1
25050.8
14706.1
11169.9
18569.8
40073.4
34530.3
28299.8
8284.86
11376
12677.5
25828.9
23247.4
15077.8
18148.8
32821.2
14730.8
27774.2
29617.5
17967.9
29459.9
6175.33
12539.4
34297.6
17722.3
27453.3
10643.8
12564.7
24511.6
12314.4
18426.2
20784.3
21192.7
8166.25
2781.53
10345.7
3366.32
20478
21675.8
15300.1
24063.4
9684.72
2188.15
5099.2
29049.5
25151.5
20778.4
5446.11
2951.12
29394.6
5316.09
10087.5
17516.5
16317.8
12609.8
19805
4907.08
2439.82
1429.31
7521.89
10562.8
13021.4
18916.5
7657.44
15841.4
20464.6
14897.9
8641.27
3478.63
12133.1
11435.3
10389.8
4937.99
20127
25429
12323.3
7064.43
4538.48
6601.84
23880.6
28940
5467.94
4259.82
14472.8
14504.5
16296.4
19009.5
11514.7
22610.1
4973.28
19524.2
11593.3
10799.5
24283.2
7420.83
9213.18
10852
14129.4
3005.86
6720.29
7805.74
3186.86
12996.1
8854.2
12458.9
13625.4
5487.15
4042.59
16846.5
14332
2813.48
12314.4
13951.7
9244.19
12830.9
16500.5
15722.2
1325.75
7685.98
16869.6
24421.3
13364.8
8921.73
8571.23
8784.46
19121.6
5492.04
1353.76
2833.71
6843.67
8624.66
9870.23
15522.2
7509.25
7098.09
4308.46
10603.6
9794.01
4795.77
9854.69
17665.3
9736.54
11338.8
17389.4
18009.5
20087.3
10891.8
18315.4
13325.8
6020.69
12319
17083.6
4622.17
11047.1
14321.5
3310.63
14603.6
18662.3
6699.33
9005.2
25441.9
16734.4
17739.3
13435.9
22227.9
19419.2
3586.35
6733.51
6839.08
19651
7346.37
7079.57
9591.83
11935.8
13444.6
8245.51
15808
12109.2
12157.5
10305.8
16479.9
11650.9
4775.74
9902.3
12280.4
8300.75
13527.8
9742.77
7927.14
2251.99
13095.7
11197.5
10500.9
11630.4
4351.76
9830.61
7325.66
5774.31
10290.3
13034.2
5073.92
19003.6
3287.43
14420
14218.1
8849.24
15751.2
8603.73
18133.1
21300.1
7373.98
1211.18
19414.8
12625.7
11983.8
2194.65
14526.7
5461.62
4002.88
8324.24
4743.39
10477.7
1066.15
4123.74
8031.13
15992.6
15801.7
352.346
11296.8
12261.3
7360.07
12326.1
2867.27
24241.3
21660.9
5514.24
8251.31
3663.2
8677.79
7333.37
11499
18950.7
8634.12
6847.83
5620.24
10508.7
2634.1
5775.44
7811.18
6653.23
5032.92
11651.6
17673
15289
3900.18
3356.06
10756.5
15976.8
19559.9
6733.8
6480.88
5945.31
11307.9
17791
7360.85
5592.36
8274.78
13048.5
11287.7
5039.17
14366.3
15794.4
9599.83
5303.71
9279.86
10821.4
10705.7
7417.08
10168.3
4611.59
13309.5
3114.1
16782.2
2782.78
3309.59
5536.03
6774.2
7362.83
19033
10391.7
4852.93
5648.01
1707.03
5103.7
4681.7
8637.5
3291.68
12695.6
2515.48
12613.4
9469.46
1805.74
10275
3021.72
14028
7168.96
6329.47
18826.6
7418.06
3034.21
10274.2
18333.1
20935.3
17436.2
7797.21
8309.12
7874.08
10115.8
3852.73
8285.93
8154.38
7125.29
7150.33
15686.3
16478.8
11831.2
8886.57
15856.8
9994.45
13173.8
2810.07
3332.04
10578.7
3782.76
9620.98
5132.54
10254.7
11516.3
11790.5
2308.38
5648
7392.76
8171.04
14572.1
7677.06
9199.9
13965
8251.9
6418.11
2545.55
5555.78
11384.4
13989.8
12238.9
4665.01
6150.28
2718.2
4478.34
11404.5
10831.3
15255.3
7476.01
6743.13
12494
8244.31
9672.42
5722.88
7793.11
7609.1
4971.62
2999.29
7795.62
7014.04
7029.42
2389.38
3284.88
5953.2
9439.28
11044.2
10272.3
3958.33
6857.69
9488.17
3453.56
3610.25
3472.51
6516.54
13479.4
7814.95
8975.73
7794.06
3692.08
8374.3
5903.04
6434.82
8998.55
9374.59
3003.95
12894.7
9014.87
9285.14
6746.87
5672.46
3064.57
11104.8
2783.65
7320.66
8227.94
8802.9
4433.75
7764.78
11875.1
9271.36
6242.16
5165.27
10406.5
8654.25
7197.45
9127.29
5444.54
11909.5
2949.09
2298.31
3211.16
12269.2
15211
8658.2
13434.5
8236.91
12477.1
10804.5
2661.06
12824.5
8059.11
9602.96
5411.11
10597.2
4585.13
5037.26
5681.99
6691.69
4434.24
8756.55
4097.99
7502.48
5775.63
4853.32
5688.25
7327.19
9828.44
1591.07
4776.68
3406.76
6695.2
11738.2
8482.5
5601.21
6347.99
1593.05
2117.72
8258.43
3955.34
5137.86
6016.32
3357.44
6397.84
5932.53
10367.1
7170.67
2979.07
3726.27
4895.71
6197.41
9983.48
4168.85
7588.37
2423.84
4024.13
9368.85
2280.4
9279.59
14914.1
7139.65
6078.52
6166.81
8155.02
9524.15
6810.11
3710.23
3828.12
7176.35
2565.85
5329.62
8407.29
6971.06
3263.98
2814.38
100.71
7923.36
8016.08
4694.51
5865.58
1914.11
12093.5
2136.77
8668.82
10563.1
8182.77
4344.51
3173.56
7305.81
8707.3
5143.54
9924.64
2146.97
3091.6
5261.63
9737.72
1806.12
8253.92
6304.54
4870.06
3949.99
3567.66
4287.05
7623.33
7732.69
3487.19
4012
8290.51
6822.78
3563.97
7193.49
7830.33
12878.6
6238.75
10513.6
4106.33
6078.35
10297
5698.06
11704.8
12629.4
10685.1
7055.13
4671.35
5862.31
3201.8
937.847
5973.29
3367.04
6375.68
4458.41
9316.63
9555.57
4838.55
9247.78
4435.37
2889.38
3176.87
5466.29
6055.08
3161.43
5413.38
2638.25
5619.62
7207.91
1656.59
7384.27
3974.75
7864.76
7002.65
5209.57
8015.77
5830.13
3325.96
10211.3
4794.51
6986.93
4167.11
1878.22
6965.73
10184.9
13208.3
10811.6
3575.47
10351
6663.43
13275.1
10671.5
4378.05
3471.29
2471
16757.7
3728.98
7944.94
6100.13
8264.22
5109.75
6366.82
11148.2
5436.36
9362.46
11637.8
16135.8
3437.94
8435.41
8328.36
3691.81
4897.44
10376.1
3052.28
3547.24
8949.68
4113.66
6781.28
3538.8
4102.41
1850.8
2243.2
10867.8
7042.79
5780.79
6871.54
6822.68
2792.2
10238.9
3482.4
16003.3
9763.31
5263.07
7305.3
4565.6
9558.31
6399.94
5680.08
6453.07
7880.51
6305.53
8800.19
7052.57
5516.55
11034.4
3630.71
11803.5
9175.38
9269.88
1460.22
1532.47
4671.49
6750.07
12715.6
10354.7
4231.68
4573.11
4187.73
3966.31
7838.44
10332.6
7976.13
5065.41
8514.66
4771.79
5784.78
6510.41
9295.47
4532.44
6320.02
7180.08
11190.9
10632.2
8608.62
8323.78
10367
9503.3
6170.2
12730.1
12309.5
17630.7
8249.75
4567.72
5833.74
7068.18
12274
5057.2
2592.72
2223.28
10561.3
12818.1
9374.58
6236.7
11376
19481.8
10952.8
11819
16106.5
11620.9
17066.9
5032.85
13112.7
16708.7
6545.14
4111.9
14679.5
10888.8
16337
1096.12
14455.3
12837.1
13680.1
8402.28
2560.93
3485.95
1968.55
9861.21
8112.13
10341.7
960.519
8573.21
14286.5
1015.43
9893.31
2551.19
10456.2
11068.1
4387.6
7241.1
3442.33
2661.43
10275.5
16272.9
11607.4
11324.1
12093.8
10697.1
11823
1430.14
14713.4
10455.8
3560
7657.42
4259.62
16954.8
8200.75
5283.19
8578.12
6922.17
6233.21
5433.77
9847.88
9245.46
6515.96
7432.68
3973.41
1144.93
7779.86
4575.79
6508.06
3049.7
3137.71
2973.76
5004.02
5668.81
7424.8
2079.63
4008.72
253.062
6003.45
4886.78
6419.66
3478.92
7792.34
14079.3
3486.13
9505.14
6522.45
7345.1
9071.34
3273.41
10044.5
2590.92
8276.11
5494.46
4943.07
3040.76
6326.63
7601.17
3809.4
9996
6813.31
6015.99
1346.6
5226.72
10241.9
6512.34
4874.78
5109.24
2267.48
8235.12
2476.95
7412.39
664.816
6238.34
2611.05
3236.83
2939.99
4237.22
8574.46
5561.67
4655.32
8854.23
6226.59
9003.46
1859.86
5562.08
11620.9
4249.33
8442.38
6599.89
3439.7
11481.6
3699.76
2784.33
8020.28
2601.98
12061.5
11672.1
15700.8
1184.51
7551.77
5369.97
7360.92
5496.87
1645.36
11469.2
3447.93
8120.6
13099.2
9941.95
5825.26
1013.27
7034.46
2555.64
10305.7
6889.7
6512.12
9250.95
5254.5
15310.3
4539.56
7464.49
7065.81
1553.4
5329.54
5012.97
8144.94
7090.57
4255.71
6479.65
8462.94
1333.97
6798.74
6981.15
4795.07
11753.1
5067.65
6689.99
7280.08
6333.35
8919.95
9359.91
7707.45
10961.3
1013.37
3289.98
5907.18
1504.54
3110.28
9322.49
2874.1
2968.53
7206.18
1629.22
4415.61
1932.31
4491.29
11402
14485.2
1771.62
5831.36
5932.24
3849.05
5689.44
497.007
5928.07
8411.3
7638.24
7017.55
4890.72
3489.12
4610.89
7967.17
2653.02
10259.3
11764
5870.62
6139.28
7070.51
7735.65
15715.9
4873.92
4912.27
5633.58
3902.71
6131.37
5800.77
7855.76
1490.45
5074.49
3566.86
6706.63
3918.84
2350.45
5501.78
6259.46
2731.61
6056.91
4395.45
4231.81
4628.14
6098.25
2407.99
6367.57
3344.31
9971.12
7583.82
7403.54
7725.83
2044.77
7427.98
9801.06
5079.51
3273.28
10208.7
477.505
4397.23
3219.37
1879.38
4997.43
5482.3
8977.52
3557.16
7078.29
3383.8
3228.35
4054.09
4504.41
5526.44
3178.71
4712.3
8567.08
3063.5
5864.86
4260.41
7932.49
5515.96
5591.08
5445.31
4521.9
1373.93
5314.94
5667.33
7435.74
5929.11
6338.57
4577.92
4305.9
2359.52
5296.16
11553
4333.89
1046.78
3040.34
3473.22
2060.13
6258.67
3814.09
3691.09
4238.51
3678.84
2644.23
4169.01
7866.38
4901.52
1430.52
4809.92
4546.65
6882.41
3561.91
2384.35
9150.42
5396.44
4491.43
251.528
5073.33
1259.48
2991.64
4252.55
3966.4
4987.68
1531.42
4933.99
5516.54
5173.3
8202.01
4657.87
4422.78
11400.9
4423.05
10051.8
2367.43
2898.76
7684.8
6252.23
5288.16
4600.48
5705.22
4818.95
7039.07
11190.6
1488.09
5262.07
2441.39
3860.34
3722.73
5331.98
3019.66
5042.55
2830.65
2196.27
5149.91
2173.21
8881.49
4476.4
8832.21
6382.59
3852.21
5287.83
3999.59
7636.51
2876.27
5251.13
391.084
2234.33
3867.77
3876.69
842.675
2127.72
4124.02
3694.58
4471.8
4477.83
3403.79
1884.1
2697.78
8876.08
4243.23
7888.33
9559.7
7572.06
5001.85
1150.51
5329.14
5833.79
6560.29
10661.4
7112.24
6169.85
4576.53
521.87
7062.42
11668.8
2987.39
3346.16
6973.94
6622.85
10352.4
3035.83
2980.07
3680.24
4029.36
5972.91
4261.16
5886.24
3328.26
7396.32
12460.8
6119.76
2568.19
1366.99
2579.15
1349.25
2006.54
1791.44
4493.87
8067.33
4821.28
4110.82
8867.3
5874.51
5126.76
2349.53
4112.33
4839.43
1357.17
5873.84
1645.14
3669.78
7007.5
5315.85
5781.08
6615.41
4270.63
4953.76
1564.41
9235.86
2124.91
4240.46
4670.35
1495.09
1670.02
3255.76
2134.73
5247.61
2982.22
5882.05
5801.84
1889.87
5346.2
3533.88
5915.47
11242.9
5528.95
6644.4
4056.15
5489.68
2461.26
1719.92
6894.26
773.666
3060.13
4004.49
3399.13
6785.33
1573.01
4258.16
3153.97
2352.08
6968.38
8677.74
1598.12
2901.1
4395.25
4609.7
6811.57
1961.43
1321.79
4908.87
6790.06
3473.9
2709.02
2691.14
3752.09
1263.95
2417.74
6222.02
2412.99
6684.31
4135.04
1614.96
3961.59
775.284
7208.49
6521
1919.21
5105.88
5655.47
5138.23
4820.98
327.961
3840.62
5372.87
3310.01
7689.41
3409.67
2804.9
2144.53
743.558
4209.06
2800.49
631.841
5109.59
5649.82
1539.49
7885.72
1150.94
5007.54
6229.51
4826.99
6058.17
1036.23
5780.38
3577.45
6169.58
5496.49
4721.85
4451.42
4224.9
2924.43
2729
1070.99
4360.97
2926.95
4137.22
1957.42
5857.97
893.415
676.611
2467.1
4254.4
5617.82
3260
3558.65
3245.08
3010.03
1172.39
7413.46
5480.72
2746.03
2637.64
3945.6
7840.21
7184.85
4704.66
5233.65
6013.59
7634.42
7066.94
4770.71
3039.02
2156.48
5095.24
3611.36
7885.94
2915.54
3837.27
2001.52
4513.89
7391.23
1779.83
1273.57
6385.73
3168.81
1900.05
284.263
3329.36
4109.71
1443.34
3176.42
1598
3324.44
2292.25
3593.91
2806.85
2004.16
2380.16
4403.5
5975.85
4125.8
2802.09
3322.76
3465.81
2920.6
2246.64
3022.24
5901.92
4486.66
2625.21
8244.78
5592.28
2775.88
3713.17
4548.69
3684.44
4716.8
3891.05
4560.38
981.125
4230.46
925.086
5680.58
3641.78
1333.09
2336.65
2755.9
2282.69
2056.24
1115.73
551.095
5019.89
3026.15
3692.41
6668.39
5099.05
5329.63
6555.56
1958.56
5139.2
7892.51
1579.57
4649.14
2362.76
3631.48
7275.42
1055.09
6704.43
6274.41
4225.12
3599.07
572.944
1870.85
5936.52
5323
5401.15
7681.59
4622.73
1787.54
1637.16
2167.79
3996.81
3731.56
4627.89
1555.18
4807.89
2218.36
1730.74
3344.12
6038.67
1110.16
4766.29
3221.76
2031.94
4424.76
3014.25
9812.17
5547.24
3873.42
2838.08
3034.46
3857.39
977.016
2139.04
2688.8
2177.37
6741.57
5080.5
2996.13
5585.17
11145
1643.53
2300.61
3218.73
2892.72
5751.75
2459.83
3787.18
3323.61
4493.72
3679.82
4167.07
1905.22
1481.9
3884.92
1464.49
3331.73
2210.71
871.783
2800.64
5279.42
3033.92
7938.39
3279.41
4156.09
757.088
2750.49
6778.3
3985.81
2626.84
2403.85
4886.49
5901.18
7125.82
3107.58
4870.79
704.37
2766.32
2980.79
3641.54
2508.5
1085.18
4848.68
2690.41
1963.46
3722.17
2558.86
5976.3
4957.57
416.572
4559.34
805.818
2645.49
6284.02
4551.97
2903.87
3077.49
4393.96
3242.85
1772.04
3533.97
3762.24
3526.58
1992.2
1055.83
6717.88
1109.43
4031.98
7563.32
2685.34
6477.08
2052.12
6622.85
2330.71
1937.59
4625.51
2965.59
6412.86
1120.92
1715.37
3867.05
2539.35
3035.06
1732.88
2473.65
5179.46
2118.53
3794.25
3012.05
880.189
1694.17
3917.57
7230.72
2050.06
4308.63
1754.07
2456.15
1742.85
2620.6
5423.96
1330.17
6085.54
2616.05
3193.62
1348.62
3220.51
2250.8
2802.37
1058.05
3577.31
506.587
6982.02
6665.72
2024.03
2171.13
4137.06
3686.17
1390.04
1030.96
352.88
2649.19
3753.48
962.923
4907.72
1164.49
1211.31
3861.62
4692.49
2495.16
1715.88
1739.2
1780.63
4473.09
875.936
3248.83
1871
2917.86
3073.36
1777.64
7999.07
4565.88
5582.07
4262.44
1141.5
6802.97
2457.23
5514.06
1465.07
2753.89
3995.85
526.401
2194.09
5188.92
4797.74
3338.72
2776.17
5335.8
1519.15
2470.6
5198.52
4342.8
3269.91
2359.28
5586.81
4444.09
7152.85
2498.89
3435.63
3847.52
4173.71
6004.91
1480.98
1152.82
4098.26
2877.39
1758.21
2985.09
2600.05
3464.72
5060.96
1381.16
2828.09
4335.3
4275.58
5432.16
5964.56
1560.46
3762.43
2650.44
3206.43
5805.03
2013.58
451.201
3011.75
2886.32
3321.29
6419.51
3080.55
1412.67
906.053
3724.85
3960.18
3769.26
4019.38
1525.07
3995.55
5631.66
5755.08
1870.72
3170.6
4621.1
5626.82
5753.19
2900.89
1361.2
4335.83
5381.52
3512.63
2340.89
524.602
5004.91
7545.37
2849.33
3761.4
4998.45
1937.39
8878.15
4132.17
3425.95
2309.02
1514.05
2388.6
2336.7
4210.66
2144.05
5517.25
4582.36
5546.58
4258
3223.08
4684.82
6043.19
1011.9
7471.31
1058.53
3607.71
2302.4
230.843
3632.25
5020.68
1981.13
315.992
4515.4
4274.24
3291.56
3289.42
2377.49
8986.28
4106.05
3652.56
5325.84
5826.65
3645.8
7263.07
3275.97
8001.88
4279.78
3860.09
1111.24
2777.21
1705.43
1264.44
3662.75
2890.5
3244.64
2119.4
1966.97
1599.7
4365.12
5180.29
3133.99
1829.74
2454.04
1633.55
5614.51
560.338
2226.09
830.044
2216.34
2932.01
2794.72
2793.9
2394.74
6650.19
2714.49
1689.8
5287.99
5568.96
7627.64
5037.03
908.229
2415.42
3997.2
3294.43
6858.37
2803.64
1028.36
1999.21
2732.96
3726.08
1614.09
4556.38
6176.78
1840.89
4802.56
3124.01
4739.48
1382.14
3611.25
3406.59
2499.38
4228.15
1784.45
3560.93
2504.36
2116.82
4149.87
5080.23
6506.86
3911.54
2171.43
4341.01
4299.4
4987.19
3137.13
2574.03
1356.4
1941.73
7480.99
3909.6
3776.09
5285.77
1855.62
1182.67
2814.14
2330.41
5197.65
1579.47
2976.79
4455.46
1648.59
2108.78
2853.98
1759.61
3337.31
2766.12
2435.27
4128.37
4398.29
2485.14
1874.04
2629.57
5979.93
5847.23
3251.11
4287.48
1871.49
3362.48
3465.9
6589.45
2913.39
3713.15
7651.28
4509.49
674.993
2979.72
7242.27
5453.56
2478.75
2929.25
2877.1
3055.64
4517.16
5284.71
3802
2671.17
1309.16
1486.02
3985.61
5296.91
2878.51
1961.2
5713.58
2746.89
2637.41
3382.02
868.047
2942.96
4637.12
2538.87
2696.45
4497.49
614.109
5074.8
438.199
2817.18
2109.62
5001.04
4639.2
963.332
2162.92
1069.48
2972.57
2436.49
472.093
2591.86
407.523
3113.7
4594.38
2985.23
2618.83
656.399
4185.73
3768.86
4038.97
5529.3
3249.68
2396.7
1901.94
2432.04
4040.99
2945.15
582.894
2470.33
2027.6
2217.92
4915.29
963.367
2143.25
2137.72
1329.13
2264.4
1189.44
4031.07
1103.55
1916.75
534.926
2946.99
3006.46
2006.16
969.205
574.739
2370.03
5166.16
5201.55
2820.04
2260.42
772.831
5217.6
2691.68
2812.75
2924.14
1928.69
920.117
3066.82
2895.45
2613.72
1673.41
2029.48
4039.13
5369.48
3448.53
2847.05
3998
1677.11
3286.07
1630.45
4540.1
1154.4
5818.76
1897.37
5182.84
1525.49
5558.06
2425.9
1855.91
2642.33
619.589
2993.07
1148.54
3956.78
3591.49
3488.63
3494.53
4513.7
3453.96
3001.23
3614.75
2850.9
3040.12
927.705
1079.99
3930.3
1121.47
6534.79
1547.91
534.631
6842.5
2668.78
2731.85
1658.7
1534.17
3075.76
5835.31
6721.7
3594.3
3471.76
697.045
5717.2
3030.11
3513.78
4543.64
3437.04
5544.17
2056.27
5212.23
5587.17
3431.81
5610.34
1053.06
3301.5
5543.5
3740.35
5711.31
818.463
1036.1
4689.63
5110.93
5605.57
650.184
2835.74
6231.94
4637.13
2003.99
1089.06
3113.75
5606.62
3494.35
1219.03
1805.01
1731.96
4648.51
2054.69
4989.1
996.825
4473.65
4791.85
1951.75
5984.32
3523.44
1082.17
3522.46
2021.85
6682.72
5926.25
1286.77
1821.75
3123.91
1612.76
5058.69
2867.57
1965.88
1373.21
3467.65
8221.63
4399.82
2475.59
845.016
496.619
4222.05
3985.45
4496.98
2255.87
764.574
2579.81
3226.07
4725.57
4799.75
2199.03
4022.04
1897.08
3091.02
1346.97
4276.86
1094.34
2127.3
1834.65
1324.91
4320.33
4666.51
2494.65
2020.93
4775.97
6676.95
4086.98
3378.17
3366.27
3768.34
4386.86
1337.91
3136.05
2584.09
2688.17
4952.57
2989.62
3672.3
3531.18
6113.29
3509.41
2411.44
995.857
1257.13
2091.85
2313.05
2627.95
3048.83
111.851
3930.52
3571.44
2038.98
4559.31
802.035
4433.75
5731.92
1415.38
4466.01
2671.06
6736.13
6619.57
3447.63
2950.89
2513.42
4569.65
5526.74
3354.75
718.349
1883.78
392.917
2965.58
4768.55
1255.22
3038.71
725.153
2047.41
883.909
2878.81
4231.28
3498.22
5262.06
2383.36
2641.65
4468.16
4617.78
2870.21
2903.1
3138.87
4630.01
5148.72
3111.42
2413.64
2856.57
3023.07
3649.46
1472.47
1090.81
2091.98
3392.11
1505.75
894.295
2483.21
2988.55
4209.48
2205.89
4585.89
3348.93
2767.81
2718.53
1816.31
5228.96
5689.28
1858.54
5252
2850.84
6576.83
3897.12
1768.58
7919.6
4996.59
5685.85
2245.68
4664.39
4987.62
8853.58
4098.59
4783.32
4242.82
1661.14
6114.53
2404.37
3648.47
4541.02
3970.14
5571.28
3504.2
3789.56
1707.65
4633.13
2467.61
6487.48
5504.46
1270.28
1836.02
217.837
4077.4
4859.67
1966.77
4796.01
2433.9
1652.08
7236.39
3278.38
555.987
2691.51
3342.96
5244.76
1675.76
5475.56
2396.65
4616.57
2948.05
2360.67
2625.73
5836.98
5022.98
2873.48
1260.29
2316.65
7214.59
2503.31
957.939
3630.46
5812.93
2910.54
497.194
3041.17
3150.62
4715.15
4433.49
2400.16
2448.76
5692.07
1053.1
2496.56
412.083
1578.44
5372.81
3014.33
4128.88
4944.23
6114.99
1884.83
526.518
2261.68
2863.52
6651.98
844.481
984.113
3525.93
2375.15
2030.67
2885.3
1843.36
2744.46
547.885
1261.02
6143.62
4043.46
2073.94
2499.58
1201.32
5449.93
2661.07
2367.3
4910.35
4457.52
825.641
3765.95
4706.27
4317.49
3820.59
770.989
3413.71
4106.16
1757.43
4471.55
5217.12
5337.25
4947.03
4825.82
4982.28
4668.95
1021.24
1593.11
5113.7
4859.87
1569.89
4032.54
4003.7
2928.99
3105.62
5841.82
1858.7
4726.01
5452.53
5347.82
1687.32
3755.12
711.13
1376.22
4952.89
4312
2058.24
2792.98
3009.69
2116.18
3376.26
3496.53
2073.44
2835.86
3436.75
1774.67
2230.95
4008.67
790.521
3939.73
6866.29
989.192
3264.43
2096.33
4235.23
6185.5
3523.17
2406.1
2378.03
1951.42
3681.37
1941.33
1868.5
3878.94
830.804
1933.75
1597.51
3005.95
2606.87
869.948
3293.7
3463.13
2389.81
1465.75
1727.25
1381.24
5413.73
1539.42
2124.3
2833.68
3222.9
5114.07
1505.34
1741.67
3764.15
2927.74
5568.55
1621.53
1048.61
4243.71
2558.85
3866.87
3655.96
6791.61
5877.36
2809.28
2184.11
3134.35
3558.84
3335.04
3718.34
2070.94
3444.92
2680.29
5482.59
5137.94
6508.97
3267.01
4591.63
3221.2
6394.99
5120.88
3257.15
1932.32
1653.79
5734.62
4713.55
1287.77
1667.44
2420.93
694.639
3302.59
1020.05
1812.11
625.841
1169.51
6319.66
4187.86
1321.03
381.287
103.967
6357.88
2678.56
3486.26
1286.65
489.43
3787.85
454.715
361.685
4077.49
1192.7
3300.56
1416.48
2272.81
4433.55
3684.79
1943.52
1265.78
2840.05
1080.66
796.011
2334.1
2332.78
1236.95
4263.91
4676.06
2967.04
1704.44
1847.15
1819.72
2738.49
3621.73
3309.78
3182.82
5466.15
2670.6
5853.53
4397.21
4164.4
364.466
3006.26
3491.58
1353.84
2617.68
830.167
4677.54
3450.04
330.538
2153.64
2874.2
1601.61
5118.75
3488.54
4699.68
1786.02
3006.79
1448.34
2466.74
2578.54
1348.88
1530.33
4354.6
3387.23
4009.63
2056.22
2247.98
6222.39
1683.95
5207.25
2848.15
1456.48
6616.72
3556.27
1777.1
3532.81
3546.29
2007.72
2324.34
2959.97
2264.7
4043.59
1727.28
3942.94
930.008
932.972
6743.46
1941.75
2174.32
1593.93
974.796
6343.28
3153.12
2346.19
2956
3593.41
702.57
1542.07
5056.94
901.312
1106.84
2364.17
1886.19
1412.66
269.758
2389.85
2585.82
1957.7
1935.11
3433.38
557.01
3241.79
3220.14
1648.88
2657.12
2418.19
2788.7
373.328
1991.61
778.608
3299.59
1152.43
578.066
3082.57
1421.53
1189.09
1626.47
1841.32
3604.11
1525.76
3284.04
3514.77
1797.56
3218
2441.86
4120.9
3475.01
4558.2
1249.73
3838.7
2306.99
2551.38
839.609
1791.87
4660.22
2010.02
1995.96
2885.31
1683.94
3902.59
1834.81
3399.7
3408.24
3870.65
1593.71
2104.4
2292.77
3991.13
2881.15
1449.78
706.647
1683.04
2309.79
1949.42
2249.52
1570.68
974.482
1882.99
2507.19
1685.95
1594.78
1507.9
2021.34
2688.44
1424.27
2230.68
3306.14
2274.88
1453.35
415.314
1597.76
728.224
744.626
2512.27
2483.95
4099.4
1223.96
3478.26
4210.26
2323.8
4243.56
1436.87
2865.3
3051.92
1070.8
3120.98
2628.86
3663.92
847.959
2821.98
2071.98
4300.35
1279.42
1668.83
1173.3
1829.3
2330.37
4659.84
3720.08
4194.94
3095.62
2771.48
4373.37
5448.38
789.965
1527.66
1921.07
3022.03
1841.88
5259.44
2960.8
2814.89
2750.74
2553.09
590.581
272.033
3172.62
965.495
1596.4
3062.18
7279.12
2904.92
1368.03
4622.01
2330.72
5290.77
631.277
3532.84
3613.8
2647.04
884.493
1298.47
1432.51
2872.15
2455.73
2164.62
1659.19
1715.24
3620.99
3041.28
4213.63
2909.75
2918.69
2890.82
1512.57
1505.83
2746.75
2638.48
666.734
2253.35
1753.54
2183.01
4120.37
2889.73
3780.95
574.396
1145.7
4378.38
2362.37
2788.18
387.208
3378.05
2890.87
3315.57
4821.69
3265.96
2801.44
3100.2
1144.83
2301.81
1476.94
2481.64
1063.05
1879.03
3146.74
2228.69
1391.19
1988.64
519.369
1869.55
1884.3
2713.15
3068.52
256.224
2163.18
663.203
3920.47
3221.04
2353.08
55.5287
3169.09
3658.62
2299.31
1996.2
3071.25
2721.46
2765.05
743.353
1870.12
4146.74
4219.59
1282.59
1130.72
2659.88
2516.8
1489.6
2822.59
1292.45
3884.29
528.675
2518.78
654.278
1862.11
1564.92
1471.89
1329.3
1538.74
3099.98
927.095
2929.61
1879.45
1245.64
1918.57
1832.15
4540.81
1577.63
1370.51
2774.8
4552.9
1043.36
1621.63
4653.99
1197.68
3938.59
2658.78
1533.72
1477
704.996
673.033
1608.34
1105.89
2237.32
3005.86
1588.74
3761.16
2010.41
2175.06
551.68
1480.58
1993.34
1153.89
251.385
2370.33
2187.37
2416.05
2414.25
585.436
2989.7
3908.53
3798.49
3376.22
3707.67
2482.75
2258.36
2892.36
3870.89
1113.09
2959.76
1794.16
1759.32
3718.16
2592.45
3535.94
1285.94
1406.92
4603.1
3836.61
2357.28
1451.4
3559.81
3026.68
2692.94
3488.1
1873.85
1425.69
2243.9
1207.02
4080.42
3252.55
749.9
4058.4
3034.12
2824.21
3374.94
1094.63
4220.25
890.469
2169.35
2964.04
1438.77
1356.08
4891.23
1317.31
726.824
2396.81
476.172
2502.07
2761.35
1950.95
339.952
1421.94
1379.82
2149.95
1938.3
2495.98
934.682
3165.28
1068.24
1580.51
2109.66
2010.49
1890.2
1384.13
1354.96
3075.08
5547.01
2800.11
2779.93
996.881
144.885
2173.4
1463.31
1883.79
3461.22
4806.39
1653.09
974.455
726.286
3751.14
2755.04
1154.21
4044.68
4104.4
4525.81
1144.02
2965.01
4292
3985.49
2410.77
945.086
2122.92
699.549
3097.78
3147.33
2510.03
1947.44
1183.8
1453.23
2413.73
1427.03
2414.49
1561.17
1615.67
1967.52
3332.43
1063.46
3952.46
1430.06
4209.9
4496.8
2153.96
3011.03
937.645
1720.77
1801.59
2551.71
4014.88
1259.56
898.646
560.587
1362.55
1047.15
2443.93
1382.84
1519.69
1100.01
3694.48
4168.54
891.007
1557.15
2975.67
4295.4
4943.02
2512.7
4914.32
921.27
1628.09
1536.88
3629.48
3700.31
1845.48
1194.12
1031.37
4162.2
2936.55
4334.8
4675.63
1542.06
2293.64
3494.31
2050.74
1955.23
4525.28
4389.01
2501.86
1505.94
2170.13
2362.39
3417.56
932.953
2356.9
4473.45
3888.83
2603.58
5142.26
2401.76
4131.33
4572.14
4375.72
6737.86
2755.47
2759.57
3367.09
3061.02
1886.41
1219.07
2537.63
2752.66
1383.19
1252.93
927.33
2087.29
3303.05
1008.42
1314.47
2563.79
2332.44
2831.4
794.281
1167.22
2727.99
1803.78
1487.42
266.63
2849.04
698.283
229.909
495.94
1235.28
1190.45
1895.93
1141.28
691.615
1520.17
226.942
2229.62
1924.92
1500.7
1181.41
2761.66
1996.67
411.162
2747.18
3608.23
4126.9
1713.31
391.751
3345.91
1975.18
3473.9
1173.61
2337.31
3203.56
1987.84
1519.34
5274.93
449.893
1537.76
3473.1
1042
2052.27
113.088
1469.41
4145.45
1935.5
1961.6
5115.32
3811.96
2515.31
4310.14
2063.23
4027.47
4474.72
1761.04
979.141
1441.76
3602.34
3456.62
919.578
1588.57
1783.27
3881.07
2648.29
3347.13
1832.09
864.408
1914.13
1196.38
2362.9
3686.64
2690.72
3677.79
4616.92
3175.9
618.651
3820.58
1834.74
2780.21
1129.98
2135.01
2068.24
2217.69
372.476
2068.42
2007.79
1084.6
3196.45
1408.88
4422.23
1472.99
2526.68
4230.95
2754.82
1345.81
2576.51
3713.49
2189.73
5925.57
3867.92
4154.04
1071.77
444.322
6427.12
1002.51
3643.83
2109.15
2110.67
2151.63
1480.78
3401.7
937.536
196.754
1841.09
1504.72
2030.95
1990.36
1159.09
1760.25
2010.21
4116.72
1148.47
2040.47
3917.8
3540.91
4227.97
2282.46
2710.82
4521.39
3062.37
3455.63
4366.09
3039.7
1613.47
5456.54
3998.18
3433.04
840.56
2596.76
2384.08
2469.4
2848.55
3443.93
2887.34
1173.82
1590.57
776.952
2687.01
2790.84
3101.04
4331.95
2482.19
2312.32
1769.01
3378.42
1612.86
2650.92
1170.92
813.646
2578.44
2670.33
2624.03
2530.45
2413.38
1282.55
1657.91
1763.78
3300.65
3830.37
3106.45
4143.79
2244.97
2087.01
2872.44
4707.91
2953.89
4342.39
2109.75
2923.87
3815.96
3173.41
2682.37
2043.76
3312.7
1013.08
789.609
1581.06
1699.32
1634.19
2244.94
3234.97
2081.1
5002.37
2692.48
1086.23
729.486
936.062
2949.15
1855.2
2193.3
1386.9
2975.31
723.437
3368.39
963.161
2357.85
1399.19
1324.57
674.813
1342.41
1980.6
1891.71
1586.55
752.353
2041.17
991.185
3947.33
4209.48
864.208
3151.89
2235.6
2012.54
3652.45
1422.18
6865.84
3504.32
1962.54
1679.79
1949.09
2433.23
1978.22
1646.35
2048.52
121.546
2011.87
2285.88
589.371
1853.79
4620.59
472.557
207.325
2428.71
1813.03
4327.19
858.84
3155.23
2669.56
427.595
1053.38
992.455
3096.1
2401.56
1085.19
564.218
2912.77
990.823
2123.03
161.485
1587.68
717.393
2810.89
5332.83
2518.03
3277.88
1871.45
6902.21
2471.1
1492.3
4161.48
3667.75
3998.5
1076.47
1648.74
2926.36
1883.97
2406.85
1105.33
2132.7
1053.13
1112.31
1304.22
1503.12
2998.57
657.69
1408.49
4398.54
1675.68
1730.58
1423.69
1940.86
2835.55
715.6
240.555
1479.79
1464.2
2168.29
893.986
2597.83
4907.97
3383.26
1221.64
1309.57
4025.94
2496.51
3636.1
1524.21
1150.39
2640.55
2147.09
2978.1
2681.67
1759.07
1535.48
2978.63
2208.37
2104.77
4675.4
2289.47
2982.5
2247.55
1078.07
944.439
1033.23
1322.42
221.22
1226.39
725.778
502.076
800.378
3066.99
2229.69
2035.87
899.807
1993.53
3421.58
1687.92
731.108
2720.43
2796.07
3412.93
215.475
465.006
4528.42
1148.41
3613.93
2312.18
3054.75
3118.34
2351.87
1127.35
1484.67
937.975
1107.81
1227.67
3328.72
416.875
263.89
2681.63
3061.55
3890.23
2422.87
2771.43
2523.08
2672.14
1465.89
3443.86
3346.52
2926
1162.62
2419.21
2183.39
2904.61
1221.14
256.534
3672.93
2125.73
2237.11
701.208
1210
3370.65
788.808
2884.33
1170.1
2900.52
3808.41
2920.55
1955.38
2646.74
1643.8
886.12
1308.3
1311.24
1296.43
2757.21
3352.21
3078.84
2370.09
3939.77
904.28
3190.75
3047.21
1995.3
2287.05
1560.45
2592.88
2331.09
569.197
1164.37
2478.7
1430.48
1084.78
1776.85
2503.36
3352.2
1913.8
2849.09
1294.33
2387.66
4115.15
2687.97
2678.56
2325.44
1443.15
3089.63
2246.73
1219.94
575.751
1445.34
1489.31
1853.53
1418.27
2640.52
437.938
3338.48
1179.63
3952.03
1261.61
2072.69
468.088
2413.79
4390.53
1340.61
2234.98
2210.82
2068.22
1137.34
1440.4
2362.35
1606.04
2287.65
1474.25
1881.32
808.872
1879.7
4136.02
3313.7
1517.78
1599.7
1174.75
2065.95
2104.35
2177.57
497.35
1298.91
1842.37
1371.47
1489.9
1690.8
1685.95
701.52
2210.95
1196
1482.58
2153.78
1755.4
2223
3556.44
3007.45
1921.58
1605.71
1857.89
1132.87
3580.61
1553.68
2520.63
2813.13
3591.66
1498.9
1554.08
4053.17
3574.07
2647.38
788.82
1501.5
2868.83
2608.59
1553.75
2871.76
1883.69
2818.81
2904.68
1482.17
1628.6
447.686
3962.88
4010.68
1180.25
1637.68
1817.78
1255.09
4791.96
1976.39
4025.12
3010.65
2958.17
3141.44
1233.13
2131.66
1203.41
2380.44
3196.24
2287.58
2329.35
446.923
2674.92
984.119
3417.7
2422.14
4478.19
1684.37
3976.11
2684.62
1650.66
3818.77
1305.26
4164.41
2105.28
659.807
3038.14
3562.8
4305.79
1765.4
676.227
1798.76
3256.1
865.782
1041.27
2329.61
4244.11
2329.1
2185.29
1702.2
3604.4
2355.47
2924.98
3873.07
1204.83
4280.17
1203.72
3099.2
2302.08
1922.61
216.818
1350.38
2576.25
1695.22
1241.36
783.703
3537.53
1592.98
3286.09
2762.79
3601.91
2603.79
1062.72
2792.49
3074.98
1686.9
912.15
1597.07
3090.77
337.586
1075.18
2517.7
1760.66
2663.44
1327.14
1265.35
1419.29
2422.65
2466.36
1308.08
1043.3
668.955
3470.88
4465
3981.17
5009.94
1992.15
1865.29
5202.08
2609.43
3098.13
2201.73
1322.57
975.146
5475.05
1296.6
807.88
1050.51
1510.99
2784.66
176.566
1098.19
1343.45
1063.61
3294.75
1837.84
1475.24
1832.09
1870.44
1319.04
1890.16
230.141
2796.02
1558.85
360.967
372.332
2035.04
2420.07
2397.26
2709.1
1728.46
2314.32
1921.33
2975.55
1284.45
1524.18
3248.4
401.092
967.127
3217.45
4143.67
1296.43
104.674
832.266
1383.27
1943.14
2809.88
1480.58
373.39
3241.31
1299.86
459.82
1803.82
835.908
2435.46
1411.67
1753.05
1044.11
1021.33
3802.87
2742.67
2587.57
2017.15
3586.55
1195.93
1824.99
1438.97
4426.94
5338.39
1911.37
2705.4
728.885
2720.93
1454.3
1145.04
2736.77
1836.29
1481.49
927.179
2641.89
940.303
1250.83
4850.59
1778.8
2009.79
1994.82
997.835
3725.34
3779.93
1738.98
1508.9
1917.35
1018.3
2388.32
1073.13
2149.51
730.311
2048.91
1385.14
881.626
2836.99
2915.98
1422.83
465.604
1388.52
1909.02
1895.09
1147.6
1078.14
877.984
1394.29
897.825
2437.78
1301.37
1775.4
1372.25
617.362
2228.13
1600.51
1183.59
2223.85
684.429
1665.84
1248.16
647.131
3065.46
2289.32
3628.53
3069.34
1336.75
2634.6
2527.35
2396.23
2784.88
1282.95
862.047
1722.6
1727.26
1440.17
687.111
2103.08
1889.56
2370.02
2238.35
499.581
4403.29
1291.49
2689.9
2918.94
4384.69
4082.38
2220.32
1867.38
4752.17
3611.57
2734.32
1576.27
1883.75
926.681
2409.57
1115.26
964.407
2741.28
2195.26
3697.37
3933.87
817.111
2197.07
2469.83
3008.72
5296.21
1281.29
610.486
4216.48
2186.46
3892.04
2743.07
2395.05
1833.46
3118.44
394.82
2049.41
922.824
2409.92
2738.84
3266
1984.87
2352.96
1970.22
4535.7
1485.31
2758.42
2831.55
2120.03
3072.34
782.901
1167.25
1879.01
2333.5
1481.15
804.879
322.952
2786.58
770.42
2455.37
1147.28
1765.08
2018.96
1846.28
2082.71
2561.4
1008.89
2727.95
2097.96
1564.17
2940.35
2088.15
3496
1571.62
1797.88
2950.75
1578.54
3073.78
2547.62
2265.51
4903.54
2142.92
1806.44
990.303
2136.83
4283.15
2938.98
2345.74
1217.92
2423.92
3011.04
3155.78
3522.81
2983.97
2279.21
1936.94
2945.2
1688.69
2720.47
1320.13
1299.95
4146.06
3106.59
890.066
222.536
1884.21
3532.32
4766.2
2172.37
1751.83
2853.65
3134.07
5602.32
1473.25
1200.47
688.369
2269.58
3656.07
1939.74
468.314
3362.18
2807.57
1880.29
990.651
2030.06
2145.83
1426.82
1478.26
992.57
1054.95
2135.36
2449
2190.65
2470.12
548.981
348.075
284.034
1102.56
2127.11
1145.91
248.108
1108.02
1633.5
291.814
2342.44
937.46
1543.16
2261.74
1417.96
3812.06
1689.71
1827.41
1337.94
1702.65
4136.23
2645.4
2817.08
1212.12
2481.62
1424.9
3692.06
3541.69
1576.55
3127.02
3089.47
1887.48
533.507
2046.68
1687.04
4185.6
3322.81
1101.87
1120.1
2285.78
2019.44
1556.62
1916.44
2516.68
1013.69
1355.48
1362.04
1474.31
3939.08
422.63
1775.85
1982.36
1689.28
3702.79
2759.76
4142.43
2087.3
2143.69
3686.35
2368.28
2756
3819.88
2655.12
3770.68
4581.42
1947.98
2740.87
2850.03
5120.97
2833.28
2653.06
3769.1
696.669
2558.44
532.183
1223.88
2284.51
767.36
1879.52
4676.1
1966.33
3223.22
2140.77
1680.68
2118.75
802.028
1129.19
1338.95
1812.86
1465.47
487.393
959.153
1153.72
2092.25
1106.15
733.562
2304.59
2245.69
1789.49
2056.62
1173.73
2869.39
1887.52
1812.82
775.588
716.145
4133.29
2024.12
1679.04
914.885
3893.04
2096.99
1576.43
1639.15
1249.94
2399
3763.5
2247.64
3017.82
437.676
2863.47
1288.53
343.948
1883.4
465.204
2346.17
3436.4
1312.71
1863.5
877.007
3215.74
2446.91
2394.81
3345.17
2677.86
1865.14
899.666
885.222
4319.33
1243.04
3811.33
1493.02
1790.56
3963.51
1649.25
925.858
3735.35
3029.79
3696.68
617.105
680.768
1678.03
3364.39
3325.07
1340.59
939.006
864.931
1272.46
2344.89
1668.46
894.786
2248.95
2641.13
1924.1
1751.42
653.882
2157.75
2481.28
2257.92
3389.14
2033.8
1684.51
1905.71
291.832
869.372
1459.97
1082.56
1791.4
1383.48
1259.66
3610.3
1591.89
2043.68
3431.74
1226.2
1325.2
3235.38
2665.13
1678.7
2512.03
583.192
2617.58
3209.89
1431.44
1368.27
3387.98
3211.78
645.754
500.591
2038.38
2200.2
2107.53
1605.58
2010.65
4229.12
599.67
2725.02
2048.86
1281.49
4256.92
3088.31
2804.8
3430.11
1806.15
3177.02
2833.88
1175
3413.25
2387.16
1432.09
2712.85
2490.83
3045.2
1124.11
1125.18
388.969
3890.41
2010.77
707.408
1424.42
395.257
490.353
3396.05
673.137
2875.38
659.722
581.751
3296.11
1300.63
4535.05
1072.28
1828.59
4154.11
2085
3067.66
387.654
1376.52
4229.43
2044.59
4281.7
2875.8
1895.93
3682.19
461.992
987.602
1371.74
3534.76
2783.08
2481.47
1766.67
966.461
2192.39
895.947
2277.25
2134.57
2948.69
570.516
2408.91
3230.5
1435.73
2977.12
1179.88
1039.12
913.057
2525.73
292.997
1528.54
1451.29
1511.49
1564.33
1482.52
740.998
1589.97
358.666
1866.51
2698.83
1509.65
2969.22
2019.67
2290
1696.21
1414.78
2378.77
1889.97
2142.32
1071.81
3358.59
2261
1478.09
790.976
782.493
3202.69
1856.8
1549.1
1143.34
1409.17
2780.25
1722.19
3459.82
1293.3
606.634
2049.39
1425.78
2646.27
2570.1
1595.78
972.757
1343.61
1926.94
3184.65
2013.59
2213.73
952.596
3484.25
3218.87
1073.1
1519.85
2901.37
2190.84
186.651
1929.5
1280.33
1880.87
3404.76
1079.4
2613.51
3930.26
1304.05
2904.42
3552.54
2809
5854.63
1092.03
2863.88
2264.03
1923.19
3784.39
1141.9
164.814
2263.55
3086.98
2815.82
1466.61
2327.56
1843.43
1966.75
877.258
1115.74
1046.47
2037.91
2071.01
815.094
1275.73
3066.8
1440
4447.28
628.888
4076.83
1573.24
1460.93
2170.9
1645.96
4078.61
3306.02
2148.65
3873.26
2533.44
1644.06
1638.52
2092.73
2744.85
1383.57
841.371
1320.16
1883.82
669.684
1975.03
351.413
4835.82
1265.93
1014.51
3089.62
1927.37
4322.34
1446.25
217.158
2506.1
2025
2529.64
2428.9
2829.13
716.022
2895.52
1866.29
2777.32
1383.98
2963.58
596.934
291.059
1908.15
1402.91
1105.16
1160.05
3237.51
2779.08
4183.33
1265.57
2500.33
5462.66
2047.71
1670.85
1290.56
2753.53
4521.26
3008.68
1111.95
2188.03
1942.88
3543.22
1526.12
838.703
1204.96
110.325
414.393
1721.44
1218.49
1802.52
513.982
451.066
767.317
3371.64
1487.96
1806.64
2432.65
2560.42
782.151
1380.53
1739.44
729.089
1655.47
1765.82
3161.71
2314.08
610.995
566.291
2347.94
1171.94
2560.69
965.645
1437.97
2496.9
1990.77
1566.34
1433.89
2159.37
3660.46
3479.53
1859.12
2613.16
2002.1
730.277
2667.88
1105.07
2098.06
2361.5
1176.96
149.856
165.937
2310.15
1667.34
2759.75
1032.58
3464.35
2510.7
1068.03
3862.2
2003.47
621.818
4557.96
788.44
1119.67
1063.58
2622.41
1928.19
1156.42
1532.24
1046.23
2685.68
835.488
2990.66
949.136
2416.7
696.325
310.616
3236.54
1497.13
896.357
1906.54
3181.12
786.29
1502.3
1267.59
4779.33
3054.41
3414.35
1328.8
3861.08
5755.87
2982.43
2613.52
2810.76
4824.02
3995.17
2087.94
2050.57
1582.47
3344.66
1782.4
2434.56
2424.36
1248.22
1922.9
1259.23
1109.47
1545.62
2007.73
1291.18
2658.99
1599.21
924.856
2261.58
2430.77
2938.31
3851.55
1692.09
3046.99
3970.85
2126.81
2753.27
2064.59
2404.06
3786.89
4116.76
4740.07
4115.79
1735.71
1786.26
1676.22
3532.91
4951.55
1848.3
1320.92
4263.46
961.751
3891.34
2290.51
2141.35
3154.47
1456.31
3736.01
2008.1
1861.84
1347.09
2643.82
1235.03
662.679
947.688
1879.97
1241.58
1739.1
2730.84
1699.86
919.157
2044.89
2209.02
1446.72
813.138
1882.31
1353.41
1833.69
750.791
1192.45
1178.74
1124.73
1074.28
1642.72
1687.56
2553.58
2963.04
2288.33
2533.07
1009.96
1760.44
2281.07
1531.56
2993.56
3480.31
1447.31
1494.91
2192.95
1475.13
4627.41
2330.73
2995.52
1682.96
923.533
2495.71
4817.8
1402.81
2743.94
2138.14
1352.64
1342.52
728.093
1427.05
2017.1
1131.08
2363.73
1057.54
1759.93
1881
1089.45
1142.53
1401.4
3385.23
526.342
400.391
3290.18
874.725
1362.61
2144.46
2969.5
2272.21
904.468
919.045
4193.87
3148.97
907.372
2257.6
1610.07
4433.88
783.908
1922.43
1489.54
1158.94
1955.46
821.331
3652.53
2131.05
450.531
3059.63
119.775
2767.65
2633.77
2714.66
1690.13
1613.78
3160.71
1252.05
2520.25
451.087
2887.96
2031.79
2503.26
1030.26
689.279
2286.77
1021.77
1487.88
1105.42
3336.22
2177.39
2384.14
1818.53
1630.82
4207.28
341.218
1177.48
571.825
143.608
713.488
2675.11
1679.71
3722.3
524.789
1594.53
1861.64
175.322
3518.35
2401.51
2959.31
2225.34
2453.43
736.7
2405.65
3151.9
1665.86
1753.07
932.025
1693.03
907.043
375.961
2230.93
1835.15
3541.5
2147.75
2982.54
1440.97
2246.99
1222.54
1887.29
2769.37
1153.18
3373.31
796.041
1619.9
2522.35
1464.33
1827.53
2486.24
1399.83
2834.8
2604.47
846.885
249.045
1884.26
2651.61
1824.72
1599.2
2958.76
2337.31
1113.95
2118.5
701.116
1662.84
1136.42
1150.57
2285.01
505.562
878.164
792.441
540.667
357.167
1277.19
4068.74
2563.46
3042.36
1592.36
1317.15
2229.05
1494.67
2401.78
1667.54
1589.26
968.99
4153.07
1628.92
902.304
954.716
2809.76
612.724
3399.73
2205.96
3174.78
3216.57
898.598
1199
1271.71
2390.83
1800.13
1851.64
2336.56
1644.59
964.17
4844.27
3598.79
223.303
1187.07
3064.37
1354.45
3494.18
1557.9
748.35
3398.8
1070.5
3165.33
1759.65
86.2046
769.604
727.337
1912.72
283.839
2591.19
670.9
2258.32
2932.27
2647.06
3493.54
1623.04
1562.52
3122.79
3576.61
1015.73
1170.29
1108.33
2287.26
3600.12
1518.91
1422.6
1117.58
2999.7
536.967
1179.34
2053.39
1692.88
3582.85
1002.19
352.197
1298.36
771.64
2859.16
2675.75
2989.54
3364.77
2164.18
999.255
1596.5
1910.76
3641.37
1499.52
2093.68
838.603
1566.24
439.729
3031.15
1836.64
958.823
1398.56
2016.33
3026.63
747.044
1443.73
534.673
2105.57
2321.57
1437.34
2276.14
1553.19
2215.01
2546.46
1089.25
3681.88
3341.73
1122.11
1918.99
2147.38
1251.47
2757.38
348.151
884.254
768.051
2091.96
2085.08
1217.01
1504.38
1696.1
3095.26
1316.95
2761.78
1508.89
3440.16
5237.75
1058.89
2595.43
3154.7
190.254
3324.44
2030.59
1170.36
853.193
1493.09
1770.41
940.393
735.706
630.871
2630.86
518.999
2595.87
1893.56
1768.31
3417.3
2533.63
1240.46
908.764
2287.58
738.192
885.731
3261.81
371.173
2296.67
2544.06
2554.11
3377.12
1883.08
558.683
3364.03
1996.56
1737.8
283.987
1632.82
3783.31
4684.93
806.037
828.074
624.449
1665.39
4716.84
2521.99
1253.68
690.424
2385.49
3258.69
1265.28
713.178
786.962
2729.67
474.068
1826.62
1476.28
704.24
297.603
1141.79
236.266
2696.1
1142.64
2633.44
2994.46
2450.55
2283.78
2056.23
3387.42
2150.65
1846
1898.02
2498.25
3129.56
330.927
2191.45
843.91
1852.08
1530.66
2173.07
2494.1
2171.57
1541.56
693.741
840.519
548.364
2390.5
2605.03
1214.6
1599.09
839.505
3446.26
2877.1
923.936
2162.22
1730.03
828.874
1202.33
499.962
1639.99
911.346
431.877
1176.2
1348.41
660.699
2322.88
983.213
1371.14
2063.43
1857.25
802.575
374.541
1760.05
1138.38
754.519
1272.46
515.229
801.031
1987.62
1357.38
3973.55
1084.58
2570.4
2071.33
1757.44
710.078
2054.31
2075.32
1659.18
584.391
2502.34
1574.28
2456.2
2561.89
978.141
1124.45
764.356
1892.56
1715.06
1250.15
2351
3305.23
4450.47
1965.55
1585.17
2823.15
2451.55
937.883
622.829
2349.19
1181.22
863.382
1938.9
2591.08
3025.53
820.446
1854.48
1740.33
1162.95
621.264
2381.03
1183
1764.58
659.869
330.635
1394.51
1417.05
1833.17
2750.95
1288.08
542.152
2575.78
3411.64
1511.5
2485.62
2367.07
2922.05
3261.39
1113.3
582.023
919.501
403.519
95.9149
1416.58
886.074
1066.83
2172.59
2021.14
1580.12
2156.26
1713.53
2880.24
3712.21
1520.98
2724.94
2990.52
3328.65
2806.71
1202.37
1728.58
1539.95
1737.02
2521.55
2731.19
1127.15
1806.39
1953.13
705.969
2172.64
3384.86
2001.7
684.217
1644.13
502.763
2631.31
2102.83
2316.05
1468.58
812.07
1948.24
2154.67
1692.08
2134.37
2799.54
2053.68
2984.24
3047.77
2685.56
2435.36
581.113
5395.25
3504.35
4017.1
2156.41
1123.06
1823.77
1655.02
1824.3
776.556
2573.75
1653.78
1712.31
2425.59
2100.67
2313.13
2762.84
3165.81
4729.85
1951.84
2432.7
1906.55
1343.77
2725
1253.73
2301.32
1585.28
1742.7
1890.56
323.779
2956.74
505.997
916.308
925.244
2617.57
4754.81
1246.81
4096.96
3570.97
1225.02
5053.14
1006.2
5343.91
955.331
2851.51
2280.85
1194.05
1679.84
3676.34
989.186
365.267
1287.64
1219.97
3735.41
594.033
1378.73
1515.25
2442.04
3005.72
2378.45
2078.48
1101.81
1443.77
2487.21
2681.35
1446.6
1303.94
2016.18
3865.64
579.472
671.818
414.853
1237.31
3371.52
628.708
678.803
3272.77
1397.14
3298.65
867.653
963.866
992.617
2399.64
1794.1
1508.89
3041.27
1230.21
2712.79
1354.61
2936.56
2984.48
567.065
512.169
2268.59
2309.96
1241.55
332.244
2253.99
1858.37
2560.63
730.11
1125.65
1093.78
625.845
3591.18
1661.18
1433.57
2042.15
824.693
4577.15
2008.71
1940.69
375.697
1626.75
3183.99
959.289
2545.83
1063.75
3284.44
2259.17
1314.33
2562.2
1501.49
1877.97
1168.04
2017.65
1301.37
779.228
2208.24
1786.67
1123.96
1557.67
1018.07
1053.13
2664.95
1394.48
987.843
1377.78
1504.27
1784.47
533.283
3249.98
2041.32
2564.78
2629.73
1399.15
2660.07
2727.47
3648.17
2002.32
1252.91
2214.58
3843.88
1921
2688.87
2519.3
2073.77
1679.8
2094.62
225.547
1586.21
1421.57
1858.8
1395.73
617.154
899.211
2572.6
772.436
3412.59
1540.9
559.603
1400.84
233.206
2824.67
2062.34
1538.86
2187.92
1186.07
1670.92
2741.19
1139.06
1006.4
2360.73
512.815
2856.39
2241.7
1251.49
749.596
2723.35
2579.48
2603.62
1507.48
637.934
2010.87
1729.2
1037.3
913.633
537.756
812.524
2541.76
1591.39
793.724
1135.33
345.832
2278.22
2204.32
2277.01
832.855
1183.3
1012.99
4282.17
3898.38
1946.87
1859.82
1553.47
3833.03
2809.28
1966.46
1991.71
1112.67
1498.03
2161.05
2304.69
281.166
3891.15
1612.45
4165.76
1747.31
2081.18
3593.39
3045.96
4502.01
631.983
2162.85
1207.33
1973.61
2233.44
821.5
791.932
2032.52
4079.22
1487.76
2916.28
1875.32
2714.85
1613.79
1908.17
2968.3
2515.95
2281.59
1108.16
688.701
1905.99
720.364
1115.46
1199.94
2569.36
1766.7
2894.47
1728.24
827.727
1449.95
3298.86
2840.74
1072.1
2035.22
986.404
2669.04
6183.44
2065.83
2106.34
1795.96
1451.33
4223.72
2290.46
1499.63
2098.21
2701.85
2480.03
2163.24
1941.45
2194.97
1764.39
2501.56
1410.38
2611.87
1961.01
882.582
525.383
1144.9
1878.13
372.84
997.217
596.116
1988.75
3962.17
1314.92
942.144
2305.38
3287.56
1750.55
1726.69
1551.58
1938.97
1959.26
987.139
2425.2
1132.96
1124.67
631.826
595.958
1076.54
806.74
1548.55
271.635
2240.76
1386.85
1164.18
1904.78
1440.34
372.096
1080.51
1430.65
1785.79
2657.48
1939.98
597.485
156.15
558.517
2069.33
3771
1435.3
1009.94
812.149
3346.65
4650.79
2586.25
4186.41
1229.42
2283.89
4275.17
3245.7
4339.03
1660.35
1514.52
2799.23
2011.84
2044.59
3122.23
2072.51
1752.59
1101.98
3182.81
1060.46
2646.68
1555.7
1515
2724.11
2655.65
3688.13
1512.14
260.376
758.139
1796.71
1675.8
1387.18
761.195
1298.04
2117.35
1765.73
1583.71
1675.91
1512.39
2601.64
748.393
804.867
1415.91
806.205
301.412
2187.85
674.531
1346.66
2734.03
1475.66
801.928
828.548
1480.01
2354.44
911.881
1823.73
1019.94
754.234
931.936
1743.66
1441.91
2289.71
1463.1
1128.66
1890.76
1959.41
2998.14
3015.4
1520.45
1420.37
1529.51
2744.61
849.836
2067.33
1021.42
1513.62
1364.72
1052.2
525.899
1400.24
3092.15
2455.96
228.288
857.599
3140.77
1207.36
2606.02
1046.51
644.321
3007.5
916.501
1010.53
322.046
1625.32
1074.47
2320.3
137.07
606.523
830.142
1854.61
2293.94
2040.53
3837.09
1769.22
1334.17
379.775
2040.27
1509.79
1288.12
616.693
1907.88
2324.71
3781.03
1561.46
1624.64
952.865
456.519
1057.2
1770.99
1853.21
1400.8
1031.81
1238.67
880.716
1088.4
1270.87
1460.6
2444.82
2346.65
2618.56
572.288
804.177
2383.24
954.811
2161.14
3552.63
3094.8
1686.01
1965.2
1101.85
669.96
1354.33
2753.74
2174.06
1229.85
2415.47
2170.51
1601.17
495.222
1612.92
1831.41
2004.48
365.297
3166.4
1078.01
2001.45
169.164
1198.86
2105.37
1922.99
955.81
555.571
2512.01
2546.86
621.633
227.296
923.715
2546.66
2455.41
3259.19
1679
2160
1504.39
1076.31
3092.68
259.858
358.733
588.957
714.237
677.182
210.116
3118.63
939.218
384.586
2529.45
2130.18
2354.4
2508.32
1278.8
1372.79
2407.14
1051.85
742.088
3146.52
1777.55
4693.49
1456.9
3068.18
5359.57
799.827
2591.64
665.366
927.438
4551.8
1816.86
1390.42
1518.36
2016.41
4285.54
2427.26
2092.42
1116.89
1741.78
3030.56
857.942
1546.62
1954.69
114.466
2810.44
1651.81
1181.57
1847.99
1740.97
990.236
452.368
2859.1
2171
2544.34
1314.89
261.938
588.182
1704.94
2525.87
451.834
2256.02
794.729
2293.28
3050.1
730.283
3637.52
676.003
522.366
2934.19
1736.76
2538.64
683.856
346.008
1861.94
575.021
2279.56
228.33
488.598
3117.81
957.235
645.203
559.39
1786.93
3659.19
1783.58
1480.81
2193.75
1703.27
1906.6
884.528
1967.84
1657.8
651.244
1477.97
787.615
2232.21
1477.8
2226.31
1285.64
1198.29
1733.84
2874.89
3406.34
2331.4
1699
1004.32
148.111
1851.6
2570.32
1919.35
2520.22
1340.67
975.873
2203.09
1516.26
2790.09
442.033
1638.34
707.309
1647.08
2080.02
1208.39
1593.98
1517.05
1489.42
2260.7
3151.85
1645.79
1699.33
989.309
817.971
3786.09
956.563
2081.48
2238.93
1594.05
269.459
2164.95
2809.82
2027.37
1465.22
1651.35
2031.58
2401.87
1460.96
678.774
3170.02
1282.71
704.525
2802.25
354.703
2283.38
2933.8
3319.17
480.54
1776.56
3464.36
1557.84
1446.1
749.067
2211.79
3641.81
793.066
407.136
1077.38
2218.23
2436.15
797.007
533.678
1672.42
2357.05
458.547
856.191
836.867
1601.67
935.651
823.957
8.85363
646.208
331.389
2019.25
1358.04
2623.79
2695.45
638.759
2788.17
4587.92
335.37
1694.02
2418.81
3743.68
3530.41
2923.78
1318.84
2322.59
2471.43
1502.94
1548.26
2330.03
1537.81
1880.85
2066.04
1708.28
674.128
3499.52
1081.91
3874.32
2971.81
1398.75
1551.43
2125.05
2918.56
2080.81
3710.72
1478.86
2251.11
789.608
2255.53
1452.15
1876.97
1316.03
3312.83
3637.74
1488.02
908.013
1267.32
3985.29
3213.12
3351.36
812.728
2994.91
3059.41
1826.02
3877.08
1396.55
2053.02
1469.15
603.617
2871.61
2610.86
1729.02
2556.47
1860.33
1138.9
869.66
1283.79
4558.96
2251.46
981.705
960.531
1473.4
1425.41
1142.41
1232.54
1753.58
1547.22
1767.05
2223.03
1734.39
1387.9
212.583
2787.78
2018.39
1106.27
2504.76
1462.11
1856.68
2341.73
1160.85
1006.14
1153.42
2118.84
1581.03
1399.7
1946.3
377.646
1844.24
1115.63
509.624
2141.08
2132.63
846.676
2975.89
794.901
4672.06
2288.48
641.982
1680.75
679.902
3957.59
1037.64
782.555
1940.96
1286.12
1408.04
2608.74
804.542
1762.87
734.773
3914.91
3686.71
1366.53
2020.94
1870.59
2941.66
1682.69
2075.53
3680.42
3325.41
794.311
503.932
552.265
2377.33
2437.35
1352.18
1189.17
1398.04
2886.4
1557.86
221.36
1584.77
1690.45
3361.87
1112.93
1874.74
679.421
770.487
4105.96
1281.71
844.831
582.729
2303.82
1777.46
583.161
1900.49
1111.56
3985.25
2375.05
2355.83
1641.96
1771.28
2321.65
812.262
1634.17
3164.18
1550.89
1199.46
962.691
462.263
1780.21
1909.67
1856.39
677.63
1422.64
1800.58
2106.26
336.808
2165.26
3019.94
1450.68
2735.51
2003.78
2368.77
1562.08
3075.09
689.738
2406.86
1880.07
769.997
1591.02
440.799
882.169
399.822
434.602
1380.92
1003.35
373.552
881.332
1565.71
491.643
2089.67
1046.8
1552.68
818.314
885.034
1679.49
1989.97
1608.15
349.044
549.742
1004.46
3351.99
997.959
1055.37
1681.64
1740.64
2014.77
1996.85
1679.02
1766.36
2747.38
957.194
1069.5
2500.56
2396.16
1452.75
768.713
2117.71
1290.64
2013.79
2244.26
2402.54
1450.12
2215.55
2643.26
4490.71
3320.37
2683.41
2792.31
1843.35
2198.03
2260.98
3526.81
1975.67
549.471
1626.5
985.093
755.18
745.531
2915.54
1471.66
3932.99
2381.36
726.651
1440.75
1361.77
746.48
599.643
1108.81
2726.15
863.716
2347.61
2116.07
726.835
1218.93
2533.19
1276.1
1407.93
1447.19
1414.81
1894.9
1435.18
3102.69
329.148
2921.67
1741.03
226.714
800.82
389.211
3737.86
1201
902.429
2410.36
467.176
643.687
1548.41
1476.04
1769.17
655.843
2166.21
1831.44
644.917
2985.31
297.625
1117.68
3230.49
2383.49
2650.53
775.83
2194.58
1689.86
2819.59
617.125
1322.29
3743.35
2244.08
761.762
1439.62
1521.85
2068.72
628.809
489.767
1521.58
1554.7
971.53
1138.91
1628.95
1661.29
1969.29
1935.67
2460.15
2929.14
2267.6
1326.41
1840.63
2073.39
2254.78
583.413
1745.65
789.244
1166.22
2163.96
1239.54
2815.6
1530.86
1404.87
867.151
510.444
3263.95
621.277
2963.15
658.19
1532.49
4840.45
985.441
2258.44
1738.61
2648.29
1692.66
1558.78
2371.92
1045.36
652.495
1964.97
1825.39
3151.37
1917.01
840.691
2792.37
1202.46
982.784
514.319
1730.11
1402.86
1088.53
1411.47
2889.67
2676.5
1111.1
1580.82
1367
726.316
1842.77
2213.39
642.493
1014.7
1410.23
2476.04
2513.19
1194.71
879.615
1946.11
2246.07
2226.09
970.39
1769.91
290.802
197.386
3124.06
1926.87
503.096
460.588
161.189
2261
1747.03
1222.19
1643.07
477.265
3604.08
1157.49
710.504
1319.49
1760.23
3148.41
2857.5
3407.91
3287.44
2831.81
1768.89
1828.05
3328.09
2909.37
1703.97
2589.26
3253.97
898.527
1607.19
723.714
1797.15
2811.35
2660.73
966.041
1776.77
1213.11
972.246
1097.41
1957.42
3301.46
2146.6
2042.62
1498.09
4541.34
3256.95
3384.62
2844.67
1947.43
3390.34
1633.57
1855.24
371.952
2057.71
3485.76
2444.64
1831.05
2139.05
2556.22
1291.33
1390.92
1272.88
1313.23
709.403
2791.17
1325.2
2497.77
498.993
1415.81
1995.26
1736.1
599.885
326.76
2361.09
3631.14
2272.32
932.051
1866.96
992.142
1607.66
1173.47
564.42
1357.02
3158.82
570.451
1770.34
2727.99
169.546
2252.6
1429.11
519.259
3478.93
1261.36
411.374
1050.84
2535.25
2789.56
346.968
2676.59
1983.64
1146.99
245.765
670.46
591.858
576.098
994.977
917.247
922.644
2031.19
1750.42
945.896
1536.86
1013.3
802.328
970.987
1667.46
1895.56
1157.94
1361.26
1949.49
2471
2155.71
1526.2
3097.29
2533.38
1673.91
2508.21
2381.65
1266.3
810.102
2750.28
4855.71
1029.33
407.922
1458.56
1168.52
1470.23
814.81
1230.12
2705.13
699.813
1502.94
926.475
888.514
2290.15
634.656
1621.03
1923.03
781.055
1022.04
3200.72
2093.71
466.883
1599.48
974.983
1691.9
1258.88
213.883
1952.02
753.072
1295.52
3366.83
938.508
3259.28
1107.16
1943.31
1717.12
1434.55
1525.79
1278.38
1450.84
1370.95
1722.49
1411.8
1380.66
1627.59
1387.84
2729.97
1342.33
1360.79
1497.51
1838.77
1046.98
746.539
476.756
1755.87
1691.88
605.269
1285.62
710.312
1131.61
1481.94
466.132
1558.48
962.774
919.922
297.789
1872.04
1738.61
1989.37
2417.83
3113.5
1807.21
941.531
1246.45
701.971
1724.91
2493.57
1622.75
856.136
2998.36
678.204
2020.41
3776.6
1058.48
3386.56
2373.72
852.978
3595.65
356.914
2034.24
3182.14
1127.83
1150.5
1726.68
1250.55
1935.37
2444.69
1620.74
1400.3
1515.4
1774.4
1254.89
1363.23
1348.38
1433.85
2096.6
971.895
2942.06
343.966
1418.98
1312.38
1960.05
2900.17
1642.56
1914.2
441.836
252.102
1328.82
2595.43
2423.93
1691.54
1051.06
987.985
1523.51
2263.24
694.605
1053.27
238.823
1870.68
1717.24
1788.76
881.531
1807.27
2040.6
1632.69
2051.46
300.039
476.94
2153.36
2918.52
3154.14
2233.48
894.334
3871.22
3127.83
2756.59
3764.21
2020.66
1492.64
2345.1
1652.19
595.696
2061.72
1923.81
1114.67
1520.97
1504.88
1816.09
1268.91
2564.2
1815.67
2003.97
2984.41
1729.59
3011.54
1579.04
1963.83
3640.2
1160.7
1804.51
1368.47
2398.11
1746.96
1085.41
1462.3
2266.74
930.52
890.663
2094.65
1092.24
852.124
1644.86
1432.92
774.618
1913.59
1597.38
2248.56
1825.3
1682.71
3023.01
1695.02
2198.32
1021.26
2327.5
3063.97
1747.83
814.266
557.991
1817.61
1294.4
1392.78
1282.18
3865.98
1842.44
545.931
1354.48
1426.94
1640.91
365.119
159.609
2000.12
566.435
1179.57
2451.48
2505.71
2147.95
1156.61
1049.34
3361.35
2620
825.098
997.14
728.191
2188.24
228
3044.46
1505.18
673.478
249.652
1686.73
804.463
1954.72
2239.23
1763.86
2066.71
3103.2
1927.43
1710.09
967.524
72.4278
2451.18
1198.65
1802.9
2660.36
479.793
2397.75
1321.24
1818.62
580.457
650.46
1409.37
203.783
41.9697
1107.7
694.092
2962.42
1720.4
2451.02
394.306
1420.33
3509.04
452.171
1144.36
715.106
1050.58
689.417
1011.67
741.246
1026.66
488.557
1082.7
1471.83
2345.26
818.036
772.623
949.224
585.896
1033.61
1486.61
1812.55
1150.44
520.468
1923.44
2163.17
1765.48
1173.37
698.664
3242.63
896.569
1674.56
1275.62
1881.17
812.878
1311.6
1593.21
1845.09
843.633
708.89
694.891
788.976
2802.07
1949.35
1344.48
322.376
1391.81
1194.26
1730.15
1266.2
832.01
1732.1
1775.05
652.027
1802.27
1158.9
1791.92
2432.86
2221.94
1069.91
2065.79
1457.68
1399.15
2160.64
1556.88
1464.57
2682.14
456.641
1954.88
989.479
1251.7
3412.98
1828.05
1523.28
1062.86
1459.06
416.31
795.209
1299.79
1219.1
2096.21
2461.45
2242.67
2225.26
1859.53
2353.04
2371.54
2992.21
3043.77
2028.52
1046.04
1227.61
1953.11
1911.65
2871.98
1849.44
1527.04
1254.79
2120.27
1324.71
1660.22
1504.21
1876.76
1147.06
1697.66
1061.74
874.557
1498.47
918.882
1751.61
1681.63
996.921
546.07
1031.89
1676.45
2682.52
504.49
2018.03
928.503
1723.53
524.923
2168.76
1828.73
696.179
2391.38
1385.88
1705.12
1501.14
713.484
2439.1
731.5
442.599
1398.89
2284.73
2298.92
590.447
1414.99
1003.92
3041.99
4443.69
2003.72
1881.54
557.923
1068.18
4240.75
949.709
2628.36
1198.59
986.639
1387.09
2243.38
974.46
303.71
835.348
527.96
3616.57
1723.04
1505.69
1684.05
1169.06
2759.66
727.417
908.899
1685.66
2547.8
923.8
2221.69
2805.09
2777.92
1540.65
2148.2
700.069
2661.59
1597.39
1674.66
2513.95
2263.99
2504.72
1577.64
4004.7
4356.07
2106.67
2120.94
1981.84
2192.62
1008.12
1811.56
1343.07
930.27
2410.83
576.422
1726.14
728.072
3910.26
2172.74
3352.54
2319.88
1835.38
4897.99
651.816
1919.86
2417.43
2419.37
2436.86
2456.78
1256.49
661.523
1162.56
2785.12
1350.19
752.008
941.196
1879.81
2777.51
856.666
1062.27
1609.09
1103.03
1706.83
2916.05
874.548
2295.92
1475.56
2671.36
2519.29
1659.44
1897.06
897.391
2179.1
2227.97
1225.52
1045.27
2188.3
1607.53
1646.96
2183.1
1599.48
2607.96
1638.32
1503.72
2599.72
1878.75
481.778
553.306
289.823
798.814
804.223
1419.67
1284.5
687.895
1368.72
1254.86
1136.02
2136.36
1670.86
1198.3
1086.27
1418.64
1309.1
2060.07
2276.14
1843.92
830.957
3124.14
2007.05
973.465
2573.49
1620.31
1831.55
1015.61
2523.49
937.894
1093.24
456.876
1433.95
2003.45
474.623
997.148
510.743
1197.35
1258.22
1139.93
796.265
1961.47
1486.28
2849.84
2019.39
1512.75
1683.59
1563.62
1771.12
1651.56
932.077
2372.16
226.81
1076.52
864.47
810.178
2773.08
2577.14
912.649
1386.46
1533.93
1833.02
827.873
2331.22
4319.93
1150.94
1729.83
1353.75
1906.08
2799.41
236.973
1464.24
2071.4
1697.01
227.748
2896.28
1287.41
2323.02
3140.85
2269.08
2423.21
2757.79
799.063
241.936
1151.68
1462.24
1847.11
2521.5
748.108
1535.15
1400.76
103.745
2190.55
1739.38
2027.9
1574
386.98
3683.47
1355.51
921.501
519.082
2489.37
2461.78
2435.44
160.089
646.538
955.56
1315.33
1605.43
1674.23
2568.03
1528.76
1381.1
1852.86
859.332
1470.19
1140.68
1550.11
997.471
999.24
806.815
1022.99
816.883
2042.97
1287.63
2743.8
1542.08
2533.86
2314.74
3301.03
1821.49
453.752
3059.47
1336.48
3439.5
1929.64
1519.62
3153.79
948.533
3097.11
1404.64
832.377
1908.7
1666.74
2790.12
1121.76
779.327
2709.76
2400.87
1959.59
3088.08
1751.49
1648.29
2228.21
2634.09
3246.77
1179.26
1529.65
2628.95
1326.27
1169.92
1764.32
1570.71
3873.39
799.277
684.289
2410.8
842.169
1248.31
809.12
1705.15
1699.94
1879.57
971.518
2067.76
1330.39
1772.79
1779.69
837.365
1664.68
1868.71
1558.66
2091.34
1011.52
1588.61
1287.23
1890.94
2326.49
774.138
2609.65
2753.1
1972.07
1628.19
2185.46
1235.6
1931.6
1145.86
773.052
1870.91
824.589
2855.85
343.63
2450.5
1217.96
1826.22
1073.8
1195.57
3665.28
2555.76
2976.39
2063.65
1758.9
1442.63
2873.97
3010.08
1329.31
1290.64
2753.62
1810.45
475.693
1618.64
1999.2
1906.91
2315.15
940.232
2732.14
1195.1
2569.13
3485.48
1178.18
1776.95
2658.42
1022.36
1399.59
940.193
1135.43
2703.4
906.102
3192.87
540
1682.32
512.695
2256.88
1455.05
1059.19
569.621
1857.85
1060.53
1169.75
1909.52
1368.45
1194.48
2200.04
592.967
1491.42
1580.71
1728.76
1501.52
2214.55
2571.52
2803.58
2371.46
1951.58
1753.8
1526.71
3121.76
1147.48
1447.96
2195.91
2379
1154.88
3743.84
554.812
2812.49
468.19
927.371
3647.2
1107.72
772.893
793.283
1842.07
2995.42
2752.35
2276.12
811.739
1708.86
2385.14
2142.48
2445.02
1314.31
1920.5
1952.75
1835.84
1070.28
3255.92
2468.61
3436.89
2071.14
737.937
1603.74
2046.3
3067.01
996.988
549.885
1505.37
1062.51
2196.85
1571.41
1684.3
323.904
1808.79
2205.42
1161.57
2266.61
1636.75
2911.02
766.89
589.943
1951.43
1771.58
3227.77
994.107
416.951
2813.14
757.859
1834.91
725.214
2714.12
659.723
552.639
2630.89
2842.26
2663.45
1229.75
1280.26
1494.92
3105.61
1761.31
233.27
2379
2915.56
944.541
3224.17
669.477
1440.13
1980.15
2596.22
2502.74
717.119
2044.55
1409.2
1349.79
317.68
1399.6
2638.13
1485.29
1746.5
2571.86
3288.31
1564.74
2103.42
2011.38
2317
2126.85
483.361
1059.18
2305.25
3421.27
1192
1894.39
359.703
2468.94
1701.42
765.51
1090.29
663.42
2600.72
432.867
1697.7
2163.25
1002.09
947.91
3208.91
996.972
2446.32
1470.36
1034.26
3157.35
2098.47
1092.68
678.494
70.794
2043.85
859.895
1944.18
1212.69
403.542
2340.25
1741.73
1376.37
776.001
745.628
1581.76
1362.25
1583.07
1454.24
1256.02
502.447
962.896
2297.68
1468.81
2250.43
1280.61
1787.94
2808.8
1043.33
687.002
1474.58
2440.36
773.876
1267.76
1787.3
2054.46
1698.7
540.26
930.198
1610.66
2279.97
3052.79
1624.31
565.973
2878.85
2763.97
1882.85
1178.47
2511.81
2206.07
1071.27
2447.19
1104.84
3073.1
847.735
931.606
1871.21
418.954
1783.73
508.903
2186.48
1008.72
1672.74
2797.82
927.934
280.362
1266.13
916.56
3529.67
1193.61
1232.66
1924.84
2052.42
2412.74
923.826
927.004
2111.78
1238.18
717.931
749.781
951.435
1961.06
1507.25
756.942
1916.71
965.595
2047.55
1116.21
3523.13
2201.56
1053.06
2081.43
1870.68
1101.35
3823.97
873.448
798.672
1031.61
1967.11
2838.27
1190.28
430.209
571.911
1343.84
1617.44
981.263
1338.22
1660.89
1541.25
2947.32
1423.66
1934.27
974.961
1808.92
1313.57
838.785
565.113
1512.45
1445.87
995.478
1010.56
942.48
2202.68
3160.58
1370.25
1356.47
2475.08
3205.11
3780.61
1113.15
1213.46
3178.79
1883.04
2501.81
888.287
1500.25
1962.41
1309.72
646.663
1604.35
1488.89
2625.74
2440.81
1125.7
2042.4
1467.51
693.577
819.305
3515.29
1727.61
1707.91
750.902
3231.1
2725.4
1338.47
341.759
668.246
2814.9
1176.2
3994.8
2968.92
198.613
2058.17
1604.35
2810.1
1982.35
633.845
686.757
2499.34
1492.91
433.313
213.35
225.068
2491.43
4149.02
2936.77
847.628
519.572
1438.92
3602.8
931.604
1586.61
2489.17
2334.66
3521.69
1616.57
971.045
2012.89
1599.97
2433.97
2128.41
1023.11
1388.11
1400.38
535.965
2221.48
2591.1
635.93
2223.52
1267.72
1458.71
1985.54
2147.07
1754.55
1931.55
1236.85
3341.28
610.366
1305.39
1469.72
371.816
1535.71
1488.31
861.38
1409.74
2232.15
2665.77
77.842
581.151
1803.53
1166.24
2996.61
888.334
1010.84
1854.17
888.778
1193.07
2640.9
1017.44
2104.14
1979.36
745.16
1904.65
2951.56
1007.24
2638.02
1097.45
676.422
2492.3
969.391
1972.26
246.772
275.753
1474.69
455.899
1220.48
512.951
1122.89
856.67
2713.21
1635.91
866.875
1357.73
1374.61
991.528
3106.94
586.708
1378.54
489.868
1576.21
3880.67
648.781
2584.57
1146.67
2027.34
3097.22
255.042
1978.34
2273.81
568.771
984.041
2482.85
2011.85
1436.58
1763.69
2003.57
1042.84
955.422
1117.84
2410.16
1859.11
1530.06
1085.86
893.856
1530.31
2134.53
773.101
1216.71
1338.61
1571.79
1806.12
1934.1
1899.79
2318.24
1426.73
1302.52
1101.24
1190.75
2044.33
1722.84
1923.9
2193.53
339.617
1142.6
1526.75
1255.99
3799.42
2131.98
1470.75
521.346
2481.69
1795.27
1275.11
1179.42
2578.43
1317.32
1952.71
2123.98
1067.16
2981.9
2053.77
2979.83
2190.76
1827.98
2825.89
1380.39
2449.38
2128.55
1350.72
2915.13
1231.96
1072.78
1067.22
1338.91
2199.94
913.047
1140.83
2832.49
2784.41
1171.83
879.98
1292.9
3817.14
1397.13
1461.78
718.953
1224.65
3464.73
824.192
2395.28
1792.33
865.749
1461.06
827.78
2697.35
1381.98
1592.95
1512.66
925.262
1794.58
595.457
1191.76
2130.72
1810.24
527.59
206.259
896.778
2700.46
1939.15
1603.67
1713.74
1841.82
1039.8
1836.05
878.659
633.816
2188.02
1341.09
1525.16
1007.5
2087.09
822.863
817.926
2484.5
2792.45
2024.16
1500.87
671.151
1892.65
1089.66
1074.2
1158.76
881.708
2101.25
3727.92
1664.79
1688.9
1592.98
1672.41
1630.71
1119.07
1726.83
1921.3
1329.9
1161.29
1787.65
399.802
2426.32
1675.7
963.705
1742.33
1624.16
1949.17
1944.31
1878.52
483.532
950.185
973.33
3021.77
1982.04
974.091
1287.5
1436.68
3234.15
2144.78
1152.04
1069.4
1823.34
4392.54
1351.87
930.201
643.291
1637.27
2969.21
1069.91
1400.74
2541.85
1995.86
368.242
377.464
1130.13
1712.34
1007.61
1021.76
1132.18
1251.7
963.127
1817.92
1072.83
1216.36
297.021
1898.2
1793.49
1697.3
1654.37
1383.25
2597.81
659.228
1185.77
71.378
1010.67
1750.68
1002.68
965.065
1357.85
1533.33
1564.03
1045.84
3266.11
2453.92
2140.35
1629.27
1272.29
4566.4
1569.8
1438.93
1783.88
1195.87
3241.36
2128.91
850.552
1146.01
1964.73
2459.25
677.957
1215.23
542.383
1305.81
1743.39
1317.13
2762.81
2445.49
2821.18
1940.79
2376.18
2320.82
4195.94
3873.6
1224.56
930.524
1697.53
1334.4
1646.15
2112.71
2946.55
1389.05
2341.75
2117.51
878.961
1551.6
1411.84
3278.22
2446.82
2376.25
986.461
3412.29
678.656
1707.74
1918.79
977.853
3719.24
1094.64
754.713
430.146
605.994
1960.29
326.643
243.221
1550.87
2735.62
1020.69
1085.34
2499.09
1357.2
2347.21
936.927
3305.45
1363.74
2645.1
1435.94
360.472
3817.76
910.099
2500.54
1939.88
2477.61
841.767
1744.43
1372.07
1440.17
2388.59
1149.55
534.077
1491.14
1483.39
2436.09
1164.08
1687.22
1046.12
2677.39
1801.39
2071.57
2802.45
833.73
1548.29
1892.5
1837.27
2467.77
1698.82
543.036
1253.36
1252.11
2347.54
304.73
1533.8
2404.45
774.465
1011.75
2953.72
2912.89
1618.01
1554.71
1164.16
1613.54
1916.69
620.035
1430.83
806.673
1272.23
244.462
314.871
665.898
1352.44
919.912
441.423
175.312
769.338
3662.3
2608.93
1329.08
1273.52
561.898
3467.09
2022.85
2624.88
1076.51
2279.42
2657.57
1154.7
2297.67
3774.52
2482.36
1006.47
1204.47
1314.91
1207.83
1389.2
1496.75
1774.58
141.366
818.085
3079.8
1756.39
317.432
390.435
2331.36
1536.74
1561.76
735.179
1687.43
4715.04
1287.66
965.657
507.911
851.405
2330.97
1722.81
1894.66
2424.74
1174.9
1115.5
2790
1321.45
518.183
1829.28
2085.97
1113.89
314.201
1579.63
1264.16
725.048
1695
243.499
2936.01
2430
1677.43
2493.22
2439.77
1372.04
3296.9
946.393
1185.98
2320.07
1317.21
2221.21
548.791
1515.78
3144.15
90.2591
1152.52
1019.55
634.203
334.643
1987.86
969.881
468.851
1265.84
2009.1
877.284
2324.56
535.599
2278.09
1379.9
2280.9
2569.64
1570.21
2217.02
1639.11
3499.99
3117.22
2582.49
238.516
1571.77
2111.05
1119.61
1048.03
2089.88
1291.2
3451.96
2626.9
1347.11
1730.44
1039.98
3997.05
897.989
1960.77
161.118
324.728
3890.14
1781.06
1210.63
971.701
1855.09
3491.49
2774.84
1564.45
785.556
1455.92
473.929
159.52
2204.36
1631.76
1043.02
3082.26
2587.03
1759.64
1744.82
1170.04
2149.54
3122.11
1316.8
2973.67
1376.53
2459.73
1659.4
3307.46
3127.71
1766.62
174.318
1272.73
1394.32
1249.82
1302.53
2680.01
902.236
2697.36
1732.1
775.592
310.624
2111.87
1638.07
2466.85
1135.14
1188.17
692.21
1232.94
394.497
1379.41
2392.62
1244.8
850.64
802.737
2395.46
1014.02
901.085
84.1561
1907.77
215.327
1775.19
1893.16
948.248
1238.19
695.265
1980.32
2741.98
2255.96
852.755
2086.97
3122
4708.68
1357.88
2727.62
2267.52
3487.67
3556.41
1653.14
3529.79
1314.47
3617.78
2536.13
2058.53
1314.28
266.833
3040.79
2424.99
979.447
2541.53
1701.19
2036.01
1167.57
271.763
3584.82
726.726
1544.43
1075.22
2357.91
2276.79
1034.88
3170.73
2259.94
1488.27
668.895
2148.12
906.07
2890.07
2357.69
2892.19
4343.95
1452.17
2286.78
2259.34
2056.15
2619.55
2939.83
391.192
288.073
1793.91
797.675
3734.7
2027.5
1435.45
1180.74
2778.95
1014.5
1778.52
830.538
1196.78
1953.92
984.201
1246.83
1564.76
2409.87
587.08
798.899
1970.6
2263.98
2008.18
1983.62
1783.29
731.666
1140.45
1987.83
1547.33
2140.97
1217.37
889.569
2790.12
1603.71
2419.26
1242.65
868.593
590.621
817.111
1759.12
2982.91
1307.02
2901.29
1531.65
829.075
3006.13
1671.87
1592.85
531.291
1088.98
900.409
533.052
1120.29
1310.93
722.362
2285.92
1086.72
851.258
2494.65
1355.06
1212.36
555.519
523.106
3198.24
1837.11
1014.34
1146.61
1553.51
857.557
2805.88
339.341
2954.33
2454.63
580.566
2272.66
1879.56
2662.85
2152
275.343
302.71
1137.86
464.834
2028.18
490.293
1760.95
814.162
1005.6
581.931
871.671
1450.85
1601.77
1817.56
1730.92
1034.25
2171.39
1367.24
1514.23
2077.24
2533.97
2170.58
956.356
2239.79
752.228
1261.22
2200.41
1515.88
816.438
1459.82
943.878
1480.88
203.69
1247.89
1322.03
1316.18
1775.79
2263.35
2247.91
2734.18
1180.78
1110.25
1814.99
2996.39
3295.86
477.63
2766.37
248.486
2716.42
1868.29
704.045
1601.43
1284.08
813.894
2291.12
729.002
2325.25
2776.78
785.591
1873.22
982.611
2541.73
2557.88
1190.26
611.138
1205.87
1908.1
480.09
464.561
971.834
1409.92
1216.4
2627.29
1978.34
520.497
701.562
1887.72
3728.68
1433.98
1221.11
2432.07
2647.24
1775.74
559.399
1359.64
489.949
1248.43
1615.4
1514.02
436.63
1239.5
1987.39
903.489
1457.47
483.113
1388.11
1066.07
2264.2
1015.58
584.901
1817.07
1082.94
509.87
2004.05
1370.99
1698.01
2686.18
2098.8
1913.94
479.508
1058.21
2663.78
1627.41
2384.88
1666.52
1689.78
1729.92
2026.08
2464.96
619.353
3405.71
1976.26
1875.26
629.4
1420.18
3542.31
1959.5
2406.65
749.35
1125.22
1829.26
2113.93
1876.66
3228.34
979.285
1448.89
2264.18
1483.92
1261.19
629.076
1714.05
1331.88
669.134
99.183
1609.46
999.859
2253.36
1304.59
1575.34
2178.07
708.017
1125.72
1209.03
870.478
599.716
2721.64
1224.12
3263.08
894.202
1062.36
1130.21
1643.46
3535.48
535.608
2613.94
1240.47
3547.77
1855.07
1708.35
2127.93
2519.07
1917.43
398.825
1204.09
822.463
305.438
779.539
1364.79
1751.11
1126.65
2731
285.261
327.522
2618.09
625.198
2185.44
1430.81
2725.53
1669.92
1517.21
3146.07
2528.78
1171.2
626.73
575.591
758.539
185.799
364.941
698.583
973.405
2557.35
322.278
1068.68
654.802
2178.54
3219.32
1829.24
1662.09
2208.25
1224.62
2307.35
530.756
1716.7
4468.46
1801.91
1235.97
2035.5
1248.26
1143.23
1263.17
2460.18
2842.11
1943.88
1302.61
1248.95
646.726
2537.48
568.892
2690.02
1025.29
1967.1
1136.26
3229.32
1000.21
1272.2
475.082
389.518
1627.98
496.699
1842.73
1291.94
2809.89
1456.83
222.22
1286.46
2430.99
3945.93
2214.66
845.958
2124.81
2246.78
1780.28
1627.78
1529.79
1170.99
290.943
1953.2
1988.6
1027.74
1190.38
655.474
722.064
2889.09
335.756
893.06
693.94
690.012
1072.47
631.49
1844.13
968.774
901.341
1741.69
1134.48
1679.66
1840.85
2928.48
1759.77
2803.51
2358.8
2179.96
2245.98
1285.98
1411.36
1571.15
1158.83
411.252
1518.66
905.589
2277.32
538.382
864.735
1194.41
865.975
842.468
2030.26
1180.67
2522.21
767.08
1629.35
1866.66
1128.84
2158.91
1045.25
2104.55
902.064
1488.82
1161.88
698.22
841.967
1357.57
1580.82
711.994
1299.63
1177.67
992.771
1163
1143.1
1496.85
1733.97
627.652
492.942
689.187
1284.6
1081.56
1128.77
1056.69
1784.24
1387.62
581.783
2257.62
1452.75
1133.62
1930.25
1748.52
1485.79
2014.91
556.135
1536.53
124.669
1388.14
2311.18
2406.62
897.769
1834.37
282.716
1259.46
1869.58
1012.76
2801.63
1014.65
1522.29
1460.73
675.9
2100.72
1857.27
2309.98
1817.39
576.034
976.093
1152.02
939.931
715.26
202.421
1294.81
2921.47
678.612
495.615
1399.71
362.003
2446.4
553.098
1546.06
2682.63
1467.35
4136.66
960.545
375.874
2693.38
1024.2
2032.6
1205.13
2472.54
2090.91
958.582
651.752
1988.49
1757.54
1504.58
1759.51
1494.02
1058.81
1550.4
121.893
736.92
1726.35
2590.27
1777.64
1017.58
1165.58
803.128
1833.41
2534.49
1272.39
909.575
1577.28
1243.59
1891.09
2140.53
2474.3
1111.32
2059.15
753.245
998.263
1949.52
2236.55
2051.45
732.844
892.147
1410.35
1770.74
1401.14
1257.24
1829.92
1766.98
2446.8
3092.9
1206.42
1092.31
2820.24
1326.59
1050.01
2051.96
1649.57
1958.08
1092.3
2269.01
450.94
1266.85
2167.31
618.596
1684.43
2610.31
972.242
1008.12
1246.19
2271.64
2691.31
988.101
4148.79
894.56
506.083
1916.65
1877.39
2168.16
1769.45
890.819
2901.41
1378.88
2012.81
1471.99
2658.24
913.991
1453.73
1547.9
2694.08
846.51
1314.17
1877.01
2157.01
1445.77
537.489
149.492
1033.34
370.458
1691.14
1597.54
1066.11
929.958
1309.28
490.21
1558.27
569.705
3939.59
2386.36
1045.08
1927
2282.15
3050.21
3134.75
1937.18
1207.7
2678.33
806.156
2753.45
1956.66
502.42
2981.71
2897.86
2267.9
1366.34
629.155
948.929
1522.71
421.903
438.493
2626.03
1018.01
1114.56
198.151
769.356
1973.78
798.274
1016.74
2214.73
1730.64
1761.92
1550.92
699.293
1998.48
999.698
1446.65
959.503
2052.46
2640.44
1744.67
938.152
2960.6
2206.95
2366.4
2980.86
2221.7
1608.75
2172.02
623.716
2828.45
1323.81
2274.67
1045.95
2158.25
1487.4
2966.94
901.667
1355.24
1209.36
2262.88
2662.99
1748.51
1623.37
1279.91
921.456
1898.57
936.372
915.62
1470.68
1236.15
261.869
1171.65
1582.08
107.27
1703.18
918.073
1620.53
1349.44
1205.18
3961.18
492.619
1805.88
1666.1
1009.99
3773.73
789.223
1736.5
1301.79
1214.93
730.814
1799.25
1646.08
3851.4
780.284
682.845
1669.62
377.012
1782.47
1451.08
2869.89
426.885
732.945
692.098
3049.34
544.427
2293.37
1870.93
1929.29
2246.14
2413.89
1996.76
775.921
2250.99
3011.82
2203.7
1163.98
1053.22
3447.88
3348.03
1686.29
1679.55
468.783
2331.33
1027.04
579.573
1506.94
1675.41
2059.17
616.47
1173.09
748.96
828.066
1243.75
1439.21
1135.56
454.415
1482.18
2109.57
1995.79
631.702
1621.07
1672.22
513.026
1015.21
886.669
338.977
942.084
2350.92
425.515
1523.26
717.669
2291.2
1645.37
2798.73
1223.94
438.171
1652.3
1987.39
1708.67
335.633
2394.42
389.444
1792.21
770.197
1284.66
1895.23
2127.11
1578.1
1576.58
1402.09
1627.12
2391.3
1544.24
2090.56
2155.46
1026.46
652.772
908.993
1220.41
2581.14
1857.84
584.914
1448.6
1277.93
1287.72
360.919
989.997
1935.38
2861.47
1835.19
1551.39
1763.19
2074.23
2525.59
3707.1
480.245
1961.53
1719.64
2461.89
2021.77
418.603
2607.17
1908.67
472.699
781.771
973.023
2599.1
3230.18
3268.91
1196.68
506.821
1722.57
1730.61
2090.73
2034.3
1977.94
3805.54
470.232
938.506
2146.79
3087.87
3249.84
1307.9
1274.13
336.236
1701.64
2315.87
639.749
1478.54
1178.22
1083.68
1147.72
1784.26
2165.14
1535.53
1026.14
1701.58
2079.97
1692.53
1550.03
1248.92
567.196
1384.23
1355.7
1254.44
1540.52
2198.76
417.476
1394.48
547.351
803.264
2198.33
1139.47
2464.65
2174.66
1758.47
1692.05
1244.63
1530.12
1359.88
1045.1
312.406
1564.08
3452.07
1052.12
2112.58
441.405
2012.92
507.929
380.251
1740.69
557.85
3493.08
1425.18
1170.08
1804.33
1392.94
1227.02
1127.75
2312.55
1557.64
906.052
626.622
753.375
647.164
622.166
950.135
839.349
773.825
3078.4
2124.25
2386.78
639.708
3002.68
3176.8
1007.81
2934.8
903.959
2365.97
1137.71
344.116
549.828
1872.4
2141.95
1361.34
1617.55
685.287
3176.23
741.161
2069.92
561.193
1822.94
1409.77
1113.14
2401.83
329.437
1349.2
1448.47
150.554
1354.8
1481.1
277.039
828.905
597.404
568.511
2288.07
1018.56
1641.27
583.629
2324.94
1943.48
1669.92
1387.65
680.402
2048.75
2649.04
2006.67
2738.18
2631.2
1931.7
2652.76
186.415
2061.68
1122.07
957.056
1078.49
1481.32
1570.48
212.249
1311.7
1704.61
2475.62
1309.69
1410.97
677.062
2675.3
2122.53
1893.64
484.693
982.168
500.003
2267.7
3285.25
238.991
2654.55
1077.25
2070.38
3595.54
469.357
1486.24
217.512
1388.84
2371.17
245.032
342.925
1391.76
787.681
955.677
1956.89
2054.93
1436.44
2011.84
1049.44
1445.51
1495.7
443.509
1666.46
2253.11
1499.54
563.693
366.121
2841.39
2601.52
1027.9
808.621
1383.26
3446.41
2005.19
854.463
1953.71
1612.17
3239.14
662.527
2720.9
1453.38
164.929
1409.29
1749.18
1787.23
1191.34
1800.25
1332.31
1423.29
1052.46
870.697
1153.3
2353.45
488.953
1466.06
861.216
992.582
1976.64
498.242
2141.35
2000.15
2264.65
1323.49
792.003
2927.2
2619.73
1396.8
911.747
1947.84
2980.04
2434.27
660.293
215.041
2243.95
1060.38
638.355
553.934
181.541
2497.73
1206.66
841.912
958.252
1643.45
376.574
1965.22
1195.24
1428.41
1053.79
2147.27
2936.31
2898.03
1374.98
1328.79
1613.81
1668.15
2491.85
2065.06
1011.56
3143.24
2951.05
3633.82
1680.41
3335.9
3644.97
3501.4
2987.51
970.586
2672.28
3698.46
1973.66
1526.41
2470.64
337.891
2303.31
680.419
921.298
1007.92
537.328
2147.02
541.323
2102.44
741.171
1849.02
2392.58
1111.88
1876.68
1563.45
1501.15
2585.74
1234.26
3297.59
1539.74
1063.91
1842.47
2219.7
3299.69
935.711
1211.39
1254.26
629.247
903.084
1141.89
1502.53
1678.97
896.795
812.514
884.847
1382.18
3169.22
608.106
1308.43
456.817
1928.69
2158.96
1756.74
1552.87
1080.31
1879.16
1047.14
1739.09
2292.26
1589.8
1124.29
1228.34
1028.48
582.824
2665.32
1250
2310.08
514.332
1319.72
1618.66
1951.99
1919.3
970.2
286.885
2506.24
731.265
984.196
1599.48
1460.31
1682.61
1396.84
2548.83
1302.18
1103.57
3139.62
1273.97
1358.6
259.436
1765.59
1520.16
1399.95
2101.88
758.348
3249.36
1658.77
1879.74
3394.97
1274.85
2204.76
1955.9
1495.71
763.705
1088.59
711.811
1413.01
2001.45
1366.2
2003.79
1230.27
1676.65
2567.26
662.913
756.774
2022.32
2093.3
1746.53
1567.9
1514.09
2665.45
462.988
315.802
1614.73
2877.07
2025.89
545.851
1321.7
811.587
4212.45
2249.05
458.32
2461.68
1998.8
2360.84
1621.86
3088.07
2557.23
1946.2
1140.26
988.28
4172.23
1458.23
697.524
1830.72
2014.36
505.959
1291.42
755.715
2058.17
4928.16
967.284
1985.13
1764.58
3300.84
3989.27
1637.33
1711.31
1087.02
946.609
304.747
1361.31
219.643
1643.45
1535.88
1473.05
2389.25
1258.16
1786.34
1100.19
1521.64
905.824
1882.37
1783.53
1427.24
1482.42
456.375
3426.85
1311.48
1892.2
1139.34
2837.37
2460.09
828.738
2438.57
2937.53
1222.97
1542.95
973.022
1628.31
1689.05
781.712
2058
1234.39
734.267
2537.71
1359.1
2046.14
993.394
968.764
1760.04
536.262
3717.78
1024.61
1838.93
1102.92
1090.19
744.587
229.558
349.168
3303.75
1007
740.443
1593.19
1179.34
2590.56
846.79
1399.08
233.023
1625.63
2444.28
1888.53
462.175
978.858
1426.52
1986.92
1943.75
2234.66
2163.48
2465.29
2138.89
1077.59
1937.06
692.814
1010.43
1040.69
1426.87
1271.63
1140.27
2240.76
2201.26
2110.14
2298.63
1677.57
1537.39
1010.35
1560.14
2162.48
1424.42
570.187
1713.55
484.639
925.633
952.881
790.042
1494.67
1270.57
2561.11
1205.89
2005.91
1265.85
538.143
498.036
723.886
910.245
1270.82
117.62
1522.34
2076.06
2351.18
2003.36
969.986
1202.49
2299.8
1693.48
764.496
358.056
1792.2
1613.59
1328.94
1022.15
310.862
700.245
1010.97
873.952
1303.06
2355.09
367.787
1625.01
1068.54
1246.61
2229.21
1993.36
1542.14
1606.78
177.822
1121.31
1500.18
1407.77
1691.37
763.06
1583.09
1236.78
800.136
2301.78
1665.75
2428.81
614.532
884.397
2871.63
537.004
2657.4
2435.26
492.354
2940.21
1389.31
3345.28
1988.69
480.842
1136.98
1723.4
2039.82
1898.38
864.765
810.005
2679.99
70.0016
