19722
9861
6574
4930.5
3944.4
3287
2817.43
2465.25
2191.33
1972.2
1792.91
1643.5
1517.08
1408.71
1314.8
1232.62
1160.12
1095.67
1038
986.1
939.143
896.455
857.478
821.75
788.88
758.538
730.444
704.357
680.069
657.4
636.194
616.312
597.636
580.059
563.486
547.833
533.027
519
505.692
493.05
481.024
469.571
458.651
448.227
438.267
428.739
419.617
410.875
402.49
394.44
386.706
379.269
372.113
365.222
358.582
352.179
346
340.034
334.271
328.7
323.311
318.097
313.048
308.156
303.415
298.818
294.358
290.029
285.826
281.743
277.775
273.917
270.164
266.514
262.96
259.5
256.13
252.846
249.646
246.525
243.481
240.512
237.614
234.786
232.024
229.326
226.69
224.114
221.596
219.133
216.725
214.37
212.065
209.809
207.6
205.438
203.32
201.245
199.212
197.22
195.267
193.353
191.476
189.635
187.829
186.057
184.318
182.611
180.936
179.291
177.676
176.089
174.531
173
171.496
170.017
168.564
167.136
165.731
164.35
162.992
161.656
160.341
159.048
157.776
156.524
155.291
154.078
152.884
151.708
150.55
149.409
148.286
147.179
146.089
145.015
143.956
142.913
141.885
140.871
139.872
138.887
137.916
136.958
136.014
135.082
134.163
133.257
132.362
131.48
130.609
129.75
128.902
128.065
127.239
126.423
125.618
124.823
124.038
123.262
122.497
121.741
120.994
120.256
119.527
118.807
118.096
117.393
116.698
116.012
115.333
114.663
114
113.345
112.697
112.057
111.424
110.798
110.179
109.567
108.961
108.363
107.77
107.185
106.605
106.032
105.465
104.904
104.349
103.8
103.257
102.719
102.187
101.66
101.138
100.622
100.112
99.6061
99.1055
98.61
98.1194
97.6337
97.1527
96.6765
96.2049
95.7379
95.2754
94.8173
94.3636
93.9143
93.4692
93.0283
92.5916
92.1589
91.7302
91.3056
90.8848
90.4679
90.0548
89.6455
89.2398
88.8378
88.4395
88.0446
87.6533
87.2655
86.8811
86.5
86.1223
85.7478
85.3766
85.0086
84.6438
84.2821
83.9234
83.5678
83.2152
82.8655
82.5188
82.175
81.834
81.4959
81.1605
80.8279
80.498
80.1707
79.8462
79.5242
79.2048
78.888
78.5737
78.2619
77.9526
77.6457
77.3412
77.0391
76.7393
76.4419
76.1467
75.8538
75.5632
75.2748
74.9886
74.7045
74.4226
74.1429
73.8652
73.5896
73.316
73.0444
72.7749
72.5074
72.2418
71.9781
71.7164
71.4565
71.1986
70.9424
70.6882
70.4357
70.1851
69.9362
69.689
69.4437
69.2
68.958
68.7178
68.4792
68.2422
68.0069
67.7732
67.5411
67.3106
67.0816
66.8542
66.6284
66.404
66.1812
65.9599
65.74
65.5216
65.3046
65.0891
64.875
64.6623
64.451
64.241
64.0325
63.8252
63.6194
63.4148
63.2115
63.0096
62.8089
62.6095
62.4114
62.2145
62.0189
61.8245
61.6312
61.4393
61.2484
61.0588
60.8704
60.6831
60.4969
60.3119
60.1281
59.9453
59.7636
59.5831
59.4036
59.2252
59.0479
58.8716
58.6964
58.5223
58.3491
58.177
58.0059
57.8358
57.6667
57.4985
57.3314
57.1652
57
56.8357
56.6724
56.51
56.3486
56.188
56.0284
55.8697
55.7119
55.5549
55.3989
55.2437
55.0894
54.9359
54.7833
54.6316
54.4807
54.3306
54.1813
54.0329
53.8852
53.7384
53.5924
53.4472
53.3027
53.159
53.0161
52.874
52.7326
52.592
52.4521
52.313
52.1746
52.0369
51.9
51.7638
51.6283
51.4935
51.3594
51.226
51.0933
50.9612
50.8299
50.6992
50.5692
50.4399
50.3112
50.1832
50.0558
49.9291
49.803
49.6776
49.5528
49.4286
49.305
49.182
49.0597
48.938
48.8168
48.6963
48.5764
48.457
48.3382
48.22
48.1024
47.9854
47.8689
47.753
47.6377
47.5229
47.4087
47.295
47.1818
47.0692
46.9571
46.8456
46.7346
46.6241
46.5141
46.4047
46.2958
46.1874
46.0794
45.972
45.8651
45.7587
45.6528
45.5473
45.4424
45.3379
45.2339
45.1304
45.0274
44.9248
44.8227
44.7211
44.6199
44.5192
44.4189
44.3191
44.2197
44.1208
44.0223
43.9243
43.8267
43.7295
43.6327
43.5364
43.4405
43.3451
43.25
43.1554
43.0611
42.9673
42.8739
42.7809
42.6883
42.5961
42.5043
42.4129
42.3219
42.2313
42.141
42.0512
41.9617
41.8726
41.7839
41.6956
41.6076
41.52
41.4328
41.3459
41.2594
41.1733
41.0875
41.0021
40.917
40.8323
40.7479
40.6639
40.5802
40.4969
40.4139
40.3313
40.249
40.167
40.0854
40.0041
39.9231
39.8424
39.7621
39.6821
39.6024
39.523
39.444
39.3653
39.2869
39.2087
39.131
39.0535
38.9763
38.8994
38.8228
38.7466
38.6706
38.5949
38.5195
38.4444
38.3697
38.2951
38.2209
38.147
38.0734
38
37.9269
37.8541
37.7816
37.7094
37.6374
37.5657
37.4943
37.4231
37.3523
37.2817
37.2113
37.1412
37.0714
37.0019
36.9326
36.8636
36.7948
36.7263
36.658
36.59
36.5222
36.4547
36.3875
36.3204
36.2537
36.1872
36.1209
36.0548
35.9891
35.9235
35.8582
35.7931
35.7283
35.6637
35.5993
35.5351
35.4712
35.4075
35.3441
35.2809
35.2179
35.1551
35.0925
35.0302
34.9681
34.9062
34.8445
34.7831
34.7218
34.6608
34.6
34.5394
34.479
34.4188
34.3589
34.2991
34.2396
34.1802
34.1211
34.0622
34.0034
33.9449
33.8866
33.8285
33.7705
33.7128
33.6553
33.598
33.5408
33.4839
33.4271
33.3706
33.3142
33.258
33.202
33.1462
33.0906
33.0352
32.9799
32.9249
32.87
32.8153
32.7608
32.7065
32.6523
32.5983
32.5446
32.4909
32.4375
32.3842
32.3311
32.2782
32.2255
32.1729
32.1205
32.0683
32.0162
31.9643
31.9126
31.8611
31.8097
31.7585
31.7074
31.6565
31.6058
31.5552
31.5048
31.4545
31.4045
31.3545
31.3048
31.2551
31.2057
31.1564
31.1073
31.0583
31.0094
30.9608
30.9122
30.8638
30.8156
30.7675
30.7196
30.6719
30.6242
30.5767
30.5294
30.4822
30.4352
30.3883
30.3415
30.2949
30.2485
30.2021
30.156
30.1099
30.064
30.0183
29.9726
29.9272
29.8818
29.8366
29.7915
29.7466
29.7018
29.6571
29.6126
29.5682
29.524
29.4798
29.4358
29.392
29.3482
29.3046
29.2611
29.2178
29.1746
29.1315
29.0885
29.0457
29.0029
28.9604
28.9179
28.8755
28.8333
28.7912
28.7493
28.7074
28.6657
28.6241
28.5826
28.5412
28.5
28.4589
28.4179
28.377
28.3362
28.2956
28.255
28.2146
28.1743
28.1341
28.094
28.0541
28.0142
27.9745
27.9348
27.8953
27.8559
27.8166
27.7775
27.7384
27.6994
27.6606
27.6218
27.5832
27.5447
27.5063
27.468
27.4298
27.3917
27.3537
27.3158
27.278
27.2403
27.2028
27.1653
27.1279
27.0907
27.0535
27.0164
26.9795
26.9426
26.9059
26.8692
26.8327
26.7962
26.7598
26.7236
26.6874
26.6514
26.6154
26.5795
26.5437
26.5081
26.4725
26.437
26.4016
26.3663
26.3311
26.296
26.261
26.2261
26.1912
26.1565
26.1219
26.0873
26.0528
26.0185
25.9842
25.95
25.9159
25.8819
25.848
25.8141
25.7804
25.7467
25.7132
25.6797
25.6463
25.613
25.5798
25.5466
25.5136
25.4806
25.4477
25.4149
25.3822
25.3496
25.3171
25.2846
25.2522
25.2199
25.1877
25.1556
25.1236
25.0916
25.0597
25.0279
24.9962
24.9646
24.933
24.9015
24.8701
24.8388
24.8075
24.7764
24.7453
24.7143
24.6834
24.6525
24.6217
24.591
24.5604
24.5299
24.4994
24.469
24.4387
24.4084
24.3782
24.3481
24.3181
24.2882
24.2583
24.2285
24.1988
24.1691
24.1395
24.11
24.0806
24.0512
24.0219
23.9927
23.9635
23.9345
23.9055
23.8765
23.8476
23.8188
23.7901
23.7614
23.7329
23.7043
23.6759
23.6475
23.6192
23.5909
23.5627
23.5346
23.5066
23.4786
23.4507
23.4228
23.395
23.3673
23.3396
23.3121
23.2845
23.2571
23.2297
23.2024
23.1751
23.1479
23.1208
23.0937
23.0667
23.0397
23.0128
22.986
22.9593
22.9326
22.9059
22.8794
22.8528
22.8264
22.8
22.7737
22.7474
22.7212
22.6951
22.669
22.6429
22.617
22.5911
22.5652
22.5394
22.5137
22.488
22.4624
22.4369
22.4114
22.3859
22.3605
22.3352
22.31
22.2847
22.2596
22.2345
22.2095
22.1845
22.1595
22.1347
22.1099
22.0851
22.0604
22.0358
22.0112
21.9866
21.9621
21.9377
21.9133
21.889
21.8647
21.8405
21.8164
21.7923
21.7682
21.7442
21.7203
21.6964
21.6725
21.6487
21.625
21.6013
21.5777
21.5541
21.5306
21.5071
21.4837
21.4603
21.437
21.4137
21.3905
21.3673
21.3442
21.3211
21.2981
21.2751
21.2522
21.2293
21.2065
21.1837
21.1609
21.1383
21.1156
21.093
21.0705
21.048
21.0256
21.0032
20.9809
20.9586
20.9363
20.9141
20.8919
20.8698
20.8478
20.8258
20.8038
20.7819
20.76
20.7382
20.7164
20.6946
20.673
20.6513
20.6297
20.6082
20.5866
20.5652
20.5437
20.5224
20.501
20.4797
20.4585
20.4373
20.4161
20.395
20.374
20.3529
20.332
20.311
20.2901
20.2693
20.2485
20.2277
20.207
20.1863
20.1656
20.145
20.1245
20.104
20.0835
20.0631
20.0427
20.0223
20.002
19.9818
19.9615
19.9414
19.9212
19.9011
19.881
19.861
19.841
19.8211
19.8012
19.7813
19.7615
19.7417
19.722
19.7023
19.6826
19.663
19.6434
19.6239
19.6044
19.5849
19.5655
19.5461
19.5267
19.5074
19.4881
19.4689
19.4497
19.4305
19.4114
19.3923
19.3733
19.3543
19.3353
19.3164
19.2975
19.2786
19.2598
19.241
19.2222
19.2035
19.1848
19.1662
19.1476
19.129
19.1105
19.092
19.0735
19.0551
19.0367
19.0183
19
18.9817
18.9635
18.9452
18.9271
18.9089
18.8908
18.8727
18.8547
18.8367
18.8187
18.8008
18.7829
18.765
18.7471
18.7293
18.7116
18.6938
18.6761
18.6585
18.6408
18.6232
18.6057
18.5881
18.5706
18.5532
18.5357
18.5183
18.5009
18.4836
18.4663
18.449
18.4318
18.4146
18.3974
18.3802
18.3631
18.346
18.329
18.312
18.295
18.278
18.2611
18.2442
18.2274
18.2105
18.1937
18.177
18.1602
18.1435
18.1268
18.1102
18.0936
18.077
18.0604
18.0439
18.0274
18.011
17.9945
17.9781
17.9617
17.9454
17.9291
17.9128
17.8966
17.8803
17.8641
17.848
17.8318
17.8157
17.7996
17.7836
17.7676
17.7516
17.7356
17.7197
17.7038
17.6879
17.672
17.6562
17.6404
17.6247
17.6089
17.5932
17.5775
17.5619
17.5463
17.5307
17.5151
17.4996
17.484
17.4686
17.4531
17.4377
17.4223
17.4069
17.3915
17.3762
17.3609
17.3456
17.3304
17.3152
17.3
17.2848
17.2697
17.2546
17.2395
17.2245
17.2094
17.1944
17.1794
17.1645
17.1496
17.1347
17.1198
17.1049
17.0901
17.0753
17.0606
17.0458
17.0311
17.0164
17.0017
16.9871
16.9725
16.9579
16.9433
16.9288
16.9142
16.8997
16.8853
16.8708
16.8564
16.842
16.8276
16.8133
16.799
16.7847
16.7704
16.7562
16.7419
16.7277
16.7136
16.6994
16.6853
16.6712
16.6571
16.643
16.629
16.615
16.601
16.587
16.5731
16.5592
16.5453
16.5314
16.5176
16.5038
16.49
16.4762
16.4624
16.4487
16.435
16.4213
16.4077
16.394
16.3804
16.3668
16.3532
16.3397
16.3262
16.3127
16.2992
16.2857
16.2723
16.2589
16.2455
16.2321
16.2188
16.2054
16.1921
16.1788
16.1656
16.1523
16.1391
16.1259
16.1127
16.0996
16.0865
16.0733
16.0603
16.0472
16.0341
16.0211
16.0081
15.9951
15.9822
15.9692
15.9563
15.9434
15.9305
15.9177
15.9048
15.892
15.8792
15.8665
15.8537
15.841
15.8283
15.8156
15.8029
15.7902
15.7776
15.765
15.7524
15.7398
15.7273
15.7147
15.7022
15.6897
15.6773
15.6648
15.6524
15.64
15.6276
15.6152
15.6028
15.5905
15.5782
15.5659
15.5536
15.5414
15.5291
15.5169
15.5047
15.4925
15.4804
15.4682
15.4561
15.444
15.4319
15.4199
15.4078
15.3958
15.3838
15.3718
15.3598
15.3479
15.3359
15.324
15.3121
15.3002
15.2884
15.2765
15.2647
15.2529
15.2411
15.2293
15.2176
15.2059
15.1941
15.1824
15.1708
15.1591
15.1475
15.1358
15.1242
15.1126
15.1011
15.0895
15.078
15.0665
15.055
15.0435
15.032
15.0206
15.0091
14.9977
14.9863
14.9749
14.9636
14.9522
14.9409
14.9296
14.9183
14.907
14.8958
14.8845
14.8733
14.8621
14.8509
14.8397
14.8286
14.8174
14.8063
14.7952
14.7841
14.773
14.762
14.7509
14.7399
14.7289
14.7179
14.7069
14.696
14.685
14.6741
14.6632
14.6523
14.6414
14.6306
14.6197
14.6089
14.5981
14.5873
14.5765
14.5657
14.555
14.5442
14.5335
14.5228
14.5121
14.5015
14.4908
14.4802
14.4696
14.4589
14.4484
14.4378
14.4272
14.4167
14.4061
14.3956
14.3851
14.3746
14.3642
14.3537
14.3433
14.3328
14.3224
14.312
14.3017
14.2913
14.281
14.2706
14.2603
14.25
14.2397
14.2294
14.2192
14.2089
14.1987
14.1885
14.1783
14.1681
14.1579
14.1478
14.1376
14.1275
14.1174
14.1073
14.0972
14.0871
14.0771
14.067
14.057
14.047
14.037
14.027
14.0171
14.0071
13.9972
13.9872
13.9773
13.9674
13.9575
13.9477
13.9378
13.928
13.9181
13.9083
13.8985
13.8887
13.879
13.8692
13.8595
13.8497
13.84
13.8303
13.8206
13.8109
13.8013
13.7916
13.782
13.7723
13.7627
13.7531
13.7436
13.734
13.7244
13.7149
13.7054
13.6958
13.6863
13.6768
13.6674
13.6579
13.6484
13.639
13.6296
13.6202
13.6108
13.6014
13.592
13.5826
13.5733
13.564
13.5546
13.5453
13.536
13.5267
13.5175
13.5082
13.499
13.4897
13.4805
13.4713
13.4621
13.4529
13.4438
13.4346
13.4255
13.4163
13.4072
13.3981
13.389
13.3799
13.3708
13.3618
13.3527
13.3437
13.3347
13.3257
13.3167
13.3077
13.2987
13.2898
13.2808
13.2719
13.2629
13.254
13.2451
13.2362
13.2274
13.2185
13.2096
13.2008
13.192
13.1832
13.1743
13.1656
13.1568
13.148
13.1392
13.1305
13.1218
13.113
13.1043
13.0956
13.0869
13.0782
13.0696
13.0609
13.0523
13.0437
13.035
13.0264
13.0178
13.0092
13.0007
12.9921
12.9835
12.975
12.9665
12.9579
12.9494
12.9409
12.9325
12.924
12.9155
12.9071
12.8986
12.8902
12.8818
12.8734
12.865
12.8566
12.8482
12.8398
12.8315
12.8231
12.8148
12.8065
12.7982
12.7899
12.7816
12.7733
12.765
12.7568
12.7485
12.7403
12.7321
12.7239
12.7157
12.7075
12.6993
12.6911
12.683
12.6748
12.6667
12.6585
12.6504
12.6423
12.6342
12.6261
12.618
12.61
12.6019
12.5939
12.5858
12.5778
12.5698
12.5618
12.5538
12.5458
12.5378
12.5299
12.5219
12.514
12.506
12.4981
12.4902
12.4823
12.4744
12.4665
12.4586
12.4508
12.4429
12.4351
12.4272
12.4194
12.4116
12.4038
12.396
12.3882
12.3804
12.3726
12.3649
12.3571
12.3494
12.3417
12.334
12.3263
12.3186
12.3109
12.3032
12.2955
12.2879
12.2802
12.2726
12.2649
12.2573
12.2497
12.2421
12.2345
12.2269
12.2193
12.2118
12.2042
12.1967
12.1891
12.1816
12.1741
12.1666
12.1591
12.1516
12.1441
12.1366
12.1292
12.1217
12.1143
12.1068
12.0994
12.092
12.0846
12.0772
12.0698
12.0624
12.055
12.0476
12.0403
12.0329
12.0256
12.0183
12.011
12.0037
11.9964
11.9891
11.9818
11.9745
11.9672
11.96
11.9527
11.9455
11.9383
11.931
11.9238
11.9166
11.9094
11.9022
11.8951
11.8879
11.8807
11.8736
11.8664
11.8593
11.8522
11.845
11.8379
11.8308
11.8237
11.8167
11.8096
11.8025
11.7955
11.7884
11.7814
11.7743
11.7673
11.7603
11.7533
11.7463
11.7393
11.7323
11.7253
11.7184
11.7114
11.7045
11.6975
11.6906
11.6836
11.6767
11.6698
11.6629
11.656
11.6491
11.6423
11.6354
11.6285
11.6217
11.6148
11.608
11.6012
11.5944
11.5875
11.5807
11.5739
11.5672
11.5604
11.5536
11.5468
11.5401
11.5333
11.5266
11.5199
11.5131
11.5064
11.4997
11.493
11.4863
11.4796
11.4729
11.4663
11.4596
11.453
11.4463
11.4397
11.433
11.4264
11.4198
11.4132
11.4066
11.4
11.3934
11.3868
11.3803
11.3737
11.3671
11.3606
11.3541
11.3475
11.341
11.3345
11.328
11.3215
11.315
11.3085
11.302
11.2955
11.2891
11.2826
11.2762
11.2697
11.2633
11.2568
11.2504
11.244
11.2376
11.2312
11.2248
11.2184
11.2121
11.2057
11.1993
11.193
11.1866
11.1803
11.1739
11.1676
11.1613
11.155
11.1487
11.1424
11.1361
11.1298
11.1235
11.1172
11.111
11.1047
11.0985
11.0922
11.086
11.0798
11.0736
11.0673
11.0611
11.0549
11.0487
11.0426
11.0364
11.0302
11.024
11.0179
11.0117
11.0056
10.9994
10.9933
10.9872
10.9811
10.975
10.9689
10.9628
10.9567
10.9506
10.9445
10.9384
10.9324
10.9263
10.9203
10.9142
10.9082
10.9022
10.8961
10.8901
10.8841
10.8781
10.8721
10.8661
10.8601
10.8542
10.8482
10.8422
10.8363
10.8303
10.8244
10.8184
10.8125
10.8066
10.8007
10.7947
10.7888
10.7829
10.777
10.7712
10.7653
10.7594
10.7535
10.7477
10.7418
10.736
10.7301
10.7243
10.7185
10.7127
10.7068
10.701
10.6952
10.6894
10.6836
10.6779
10.6721
10.6663
10.6605
10.6548
10.649
10.6433
10.6375
10.6318
10.6261
10.6204
10.6146
10.6089
10.6032
10.5975
10.5918
10.5862
10.5805
10.5748
10.5691
10.5635
10.5578
10.5522
10.5465
10.5409
10.5353
10.5296
10.524
10.5184
10.5128
10.5072
10.5016
10.496
10.4904
10.4848
10.4793
10.4737
10.4682
10.4626
10.4571
10.4515
10.446
10.4404
10.4349
10.4294
10.4239
10.4184
10.4129
10.4074
10.4019
10.3964
10.3909
10.3855
10.38
10.3745
10.3691
10.3636
10.3582
10.3528
10.3473
10.3419
10.3365
10.3311
10.3257
10.3203
10.3149
10.3095
10.3041
10.2987
10.2933
10.288
10.2826
10.2772
10.2719
10.2665
10.2612
10.2558
10.2505
10.2452
10.2399
10.2346
10.2293
10.224
10.2187
10.2134
10.2081
10.2028
10.1975
10.1922
10.187
10.1817
10.1765
10.1712
10.166
10.1607
10.1555
10.1503
10.1451
10.1398
10.1346
10.1294
10.1242
10.119
10.1138
10.1087
10.1035
10.0983
10.0931
10.088
10.0828
10.0777
10.0725
10.0674
10.0622
10.0571
10.052
10.0469
10.0418
10.0366
10.0315
10.0264
10.0213
10.0163
10.0112
10.0061
10.001
9.99594
9.99088
9.98582
9.98077
9.97572
9.97068
9.96564
9.96061
9.95558
9.95055
9.94554
9.94052
9.93552
9.93051
9.92552
9.92052
9.91553
9.91055
9.90557
9.9006
9.89563
9.89067
9.88571
9.88076
9.87581
9.87087
9.86593
9.861
9.85607
9.85115
9.84623
9.84132
9.83641
9.83151
9.82661
9.82171
9.81682
9.81194
9.80706
9.80219
9.79732
9.79245
9.78759
9.78274
9.77789
9.77304
9.7682
9.76337
9.75854
9.75371
9.74889
9.74407
9.73926
9.73445
9.72965
9.72485
9.72006
9.71527
9.71049
9.70571
9.70093
9.69617
9.6914
9.68664
9.68188
9.67713
9.67239
9.66765
9.66291
9.65818
9.65345
9.64873
9.64401
9.6393
9.63459
9.62988
9.62518
9.62049
9.6158
9.61111
9.60643
9.60175
9.59708
9.59241
9.58775
9.58309
9.57844
9.57379
9.56914
9.5645
9.55986
9.55523
9.5506
9.54598
9.54136
9.53675
9.53214
9.52754
9.52294
9.51834
9.51375
9.50916
9.50458
9.5
9.49543
9.49086
9.48629
9.48173
9.47717
9.47262
9.46807
9.46353
9.45899
9.45446
9.44993
9.4454
9.44088
9.43636
9.43185
9.42734
9.42284
9.41834
9.41384
9.40935
9.40486
9.40038
9.3959
9.39143
9.38696
9.38249
9.37803
9.37357
9.36912
9.36467
9.36023
9.35579
9.35135
9.34692
9.34249
9.33807
9.33365
9.32923
9.32482
9.32042
9.31601
9.31161
9.30722
9.30283
9.29844
9.29406
9.28968
9.28531
9.28094
9.27658
9.27221
9.26786
9.2635
9.25916
9.25481
9.25047
9.24613
9.2418
9.23747
9.23315
9.22883
9.22451
9.2202
9.21589
9.21158
9.20728
9.20299
9.19869
9.19441
9.19012
9.18584
9.18156
9.17729
9.17302
9.16876
9.1645
9.16024
9.15599
9.15174
9.1475
9.14325
9.13902
9.13478
9.13056
9.12633
9.12211
9.11789
9.11368
9.10947
9.10526
9.10106
9.09686
9.09267
9.08848
9.08429
9.08011
9.07593
9.07176
9.06759
9.06342
9.05926
9.0551
9.05094
9.04679
9.04264
9.0385
9.03436
9.03022
9.02609
9.02196
9.01783
9.01371
9.00959
9.00548
9.00137
8.99726
8.99316
8.98906
8.98497
8.98087
8.97679
8.9727
8.96862
8.96455
8.96047
8.9564
8.95234
8.94828
8.94422
8.94016
8.93611
8.93207
8.92802
8.92398
8.91995
8.91591
8.91188
8.90786
8.90384
8.89982
8.89581
8.89179
8.88779
8.88378
8.87978
8.87579
8.87179
8.86781
8.86382
8.85984
8.85586
8.85188
8.84791
8.84395
8.83998
8.83602
8.83206
8.82811
8.82416
8.82021
8.81627
8.81233
8.8084
8.80446
8.80054
8.79661
8.79269
8.78877
8.78486
8.78094
8.77704
8.77313
8.76923
8.76533
8.76144
8.75755
8.75366
8.74978
8.7459
8.74202
8.73815
8.73428
8.73041
8.72655
8.72269
8.71883
8.71498
8.71113
8.70728
8.70344
8.6996
8.69577
8.69193
8.68811
8.68428
8.68046
8.67664
8.67282
8.66901
8.6652
8.6614
8.65759
8.6538
8.65
8.64621
8.64242
8.63863
8.63485
8.63107
8.6273
8.62352
8.61976
8.61599
8.61223
8.60847
8.60471
8.60096
8.59721
8.59346
8.58972
8.58598
8.58225
8.57851
8.57478
8.57106
8.56733
8.56361
8.5599
8.55618
8.55247
8.54877
8.54506
8.54136
8.53766
8.53397
8.53028
8.52659
8.5229
8.51922
8.51554
8.51187
8.5082
8.50453
8.50086
8.4972
8.49354
8.48988
8.48623
8.48258
8.47893
8.47529
8.47165
8.46801
8.46438
8.46075
8.45712
8.45349
8.44987
8.44625
8.44264
8.43902
8.43542
8.43181
8.42821
8.4246
8.42101
8.41741
8.41382
8.41023
8.40665
8.40307
8.39949
8.39591
8.39234
8.38877
8.3852
8.38164
8.37808
8.37452
8.37097
8.36742
8.36387
8.36032
8.35678
8.35324
8.3497
8.34617
8.34264
8.33911
8.33559
8.33207
8.32855
8.32503
8.32152
8.31801
8.3145
8.311
8.3075
8.304
8.3005
8.29701
8.29352
8.29004
8.28655
8.28307
8.2796
8.27612
8.27265
8.26918
8.26572
8.26225
8.25879
8.25534
8.25188
8.24843
8.24498
8.24154
8.2381
8.23466
8.23122
8.22779
8.22435
8.22093
8.2175
8.21408
8.21066
8.20724
8.20383
8.20042
8.19701
8.1936
8.1902
8.1868
8.1834
8.18001
8.17662
8.17323
8.16984
8.16646
8.16308
8.1597
8.15633
8.15296
8.14959
8.14622
8.14286
8.1395
8.13614
8.13278
8.12943
8.12608
8.12274
8.11939
8.11605
8.11271
8.10938
8.10604
8.10271
8.09938
8.09606
8.09274
8.08942
8.0861
8.08279
8.07948
8.07617
8.07286
8.06956
8.06626
8.06296
8.05966
8.05637
8.05308
8.0498
8.04651
8.04323
8.03995
8.03667
8.0334
8.03013
8.02686
8.0236
8.02033
8.01707
8.01381
8.01056
8.00731
8.00406
8.00081
7.99757
7.99432
7.99109
7.98785
7.98462
7.98138
7.97815
7.97493
7.97171
7.96848
7.96527
7.96205
7.95884
7.95563
7.95242
7.94921
7.94601
7.94281
7.93961
7.93642
7.93323
7.93004
7.92685
7.92366
7.92048
7.9173
7.91413
7.91095
7.90778
7.90461
7.90144
7.89828
7.89512
7.89196
7.8888
7.88565
7.88249
7.87935
7.8762
7.87305
7.86991
7.86677
7.86364
7.8605
7.85737
7.85424
7.85111
7.84799
7.84487
7.84175
7.83863
7.83552
7.83241
7.8293
7.82619
7.82309
7.81998
7.81688
7.81379
7.81069
7.8076
7.80451
7.80142
7.79834
7.79526
7.79218
7.7891
7.78602
7.78295
7.77988
7.77681
7.77375
7.77069
7.76763
7.76457
7.76151
7.75846
7.75541
7.75236
7.74931
7.74627
7.74323
7.74019
7.73715
7.73412
7.73109
7.72806
7.72503
7.722
7.71898
7.71596
7.71294
7.70993
7.70692
7.70391
7.7009
7.69789
7.69489
7.69189
7.68889
7.68589
7.6829
7.67991
7.67692
7.67393
7.67095
7.66796
7.66498
7.662
7.65903
7.65606
7.65309
7.65012
7.64715
7.64419
7.64122
7.63827
7.63531
7.63235
7.6294
7.62645
7.6235
7.62056
7.61761
7.61467
7.61173
7.6088
7.60586
7.60293
7.6
7.59707
7.59415
7.59122
7.5883
7.58538
7.58247
7.57955
7.57664
7.57373
7.57083
7.56792
7.56502
7.56212
7.55922
7.55632
7.55343
7.55054
7.54765
7.54476
7.54187
7.53899
7.53611
7.53323
7.53036
7.52748
7.52461
7.52174
7.51887
7.51601
7.51314
7.51028
7.50742
7.50457
7.50171
7.49886
7.49601
7.49316
7.49031
7.48747
7.48463
7.48179
7.47895
7.47612
7.47329
7.47045
7.46763
7.4648
7.46198
7.45915
7.45633
7.45352
7.4507
7.44789
7.44507
7.44226
7.43946
7.43665
7.43385
7.43105
7.42825
7.42545
7.42266
7.41986
7.41707
7.41429
7.4115
7.40872
7.40593
7.40315
7.40037
7.3976
7.39483
7.39205
7.38928
7.38652
7.38375
7.38099
7.37823
7.37547
7.37271
7.36996
7.3672
7.36445
7.3617
7.35895
7.35621
7.35347
7.35073
7.34799
7.34525
7.34252
7.33978
7.33705
7.33433
7.3316
7.32887
7.32615
7.32343
7.32071
7.318
7.31528
7.31257
7.30986
7.30715
7.30444
7.30174
7.29904
7.29634
7.29364
7.29094
7.28825
7.28556
7.28287
7.28018
7.27749
7.27481
7.27212
7.26944
7.26676
7.26409
7.26141
7.25874
7.25607
7.2534
7.25074
7.24807
7.24541
7.24275
7.24009
7.23743
7.23478
7.23212
7.22947
7.22682
7.22418
7.22153
7.21889
7.21625
7.21361
7.21097
7.20833
7.2057
7.20307
7.20044
7.19781
7.19518
7.19256
7.18994
7.18732
7.1847
7.18208
7.17947
7.17686
7.17424
7.17164
7.16903
7.16642
7.16382
7.16122
7.15862
7.15602
7.15343
7.15083
7.14824
7.14565
7.14306
7.14048
7.13789
7.13531
7.13273
7.13015
7.12757
7.125
7.12243
7.11986
7.11729
7.11472
7.11215
7.10959
7.10703
7.10447
7.10191
7.09935
7.0968
7.09424
7.09169
7.08914
7.0866
7.08405
7.08151
7.07897
7.07643
7.07389
7.07135
7.06882
7.06628
7.06375
7.06122
7.0587
7.05617
7.05365
7.05113
7.04861
7.04609
7.04357
7.04106
7.03854
7.03603
7.03352
7.03102
7.02851
7.02601
7.0235
7.021
7.01851
7.01601
7.01351
7.01102
7.00853
7.00604
7.00355
7.00107
6.99858
6.9961
6.99362
6.99114
6.98866
6.98618
6.98371
6.98124
6.97877
6.9763
6.97383
6.97137
6.9689
6.96644
6.96398
6.96152
6.95907
6.95661
6.95416
6.95171
6.94926
6.94681
6.94437
6.94192
6.93948
6.93704
6.9346
6.93216
6.92973
6.92729
6.92486
6.92243
6.92
6.91757
6.91515
6.91272
6.9103
6.90788
6.90546
6.90305
6.90063
6.89822
6.8958
6.89339
6.89099
6.88858
6.88617
6.88377
6.88137
6.87897
6.87657
6.87417
6.87178
6.86938
6.86699
6.8646
6.86221
6.85983
6.85744
6.85506
6.85268
6.8503
6.84792
6.84554
6.84316
6.84079
6.83842
6.83605
6.83368
6.83131
6.82895
6.82658
6.82422
6.82186
6.8195
6.81714
6.81479
6.81244
6.81008
6.80773
6.80538
6.80304
6.80069
6.79835
6.796
6.79366
6.79132
6.78898
6.78665
6.78431
6.78198
6.77965
6.77732
6.77499
6.77266
6.77034
6.76802
6.76569
6.76337
6.76106
6.75874
6.75642
6.75411
6.7518
6.74949
6.74718
6.74487
6.74256
6.74026
6.73796
6.73566
6.73336
6.73106
6.72876
6.72647
6.72417
6.72188
6.71959
6.7173
6.71502
6.71273
6.71045
6.70816
6.70588
6.7036
6.70132
6.69905
6.69677
6.6945
6.69223
6.68996
6.68769
6.68542
6.68316
6.68089
6.67863
6.67637
6.67411
6.67185
6.6696
6.66734
6.66509
6.66284
6.66059
6.65834
6.65609
6.65385
6.6516
6.64936
6.64712
6.64488
6.64264
6.6404
6.63817
6.63594
6.6337
6.63147
6.62924
6.62702
6.62479
6.62257
6.62034
6.61812
6.6159
6.61368
6.61146
6.60925
6.60704
6.60482
6.60261
6.6004
6.59819
6.59599
6.59378
6.59158
6.58938
6.58717
6.58498
6.58278
6.58058
6.57839
6.57619
6.574
6.57181
6.56962
6.56743
6.56525
6.56306
6.56088
6.5587
6.55652
6.55434
6.55216
6.54998
6.54781
6.54564
6.54346
6.54129
6.53912
6.53696
6.53479
6.53263
6.53046
6.5283
6.52614
6.52398
6.52183
6.51967
6.51752
6.51536
6.51321
6.51106
6.50891
6.50676
6.50462
6.50247
6.50033
6.49819
6.49605
6.49391
6.49177
6.48963
6.4875
6.48537
6.48323
6.4811
6.47897
6.47685
6.47472
6.4726
6.47047
6.46835
6.46623
6.46411
6.46199
6.45988
6.45776
6.45565
6.45353
6.45142
6.44931
6.4472
6.4451
6.44299
6.44089
6.43879
6.43668
6.43458
6.43249
6.43039
6.42829
6.4262
6.4241
6.42201
6.41992
6.41783
6.41574
6.41366
6.41157
6.40949
6.40741
6.40533
6.40325
6.40117
6.39909
6.39702
6.39494
6.39287
6.3908
6.38873
6.38666
6.38459
6.38252
6.38046
6.3784
6.37633
6.37427
6.37221
6.37015
6.3681
6.36604
6.36399
6.36194
6.35988
6.35783
6.35578
6.35374
6.35169
6.34965
6.3476
6.34556
6.34352
6.34148
6.33944
6.3374
6.33537
6.33333
6.3313
6.32927
6.32724
6.32521
6.32318
6.32115
6.31913
6.3171
6.31508
6.31306
6.31104
6.30902
6.307
6.30499
6.30297
6.30096
6.29895
6.29693
6.29492
6.29292
6.29091
6.2889
6.2869
6.28489
6.28289
6.28089
6.27889
6.27689
6.2749
6.2729
6.27091
6.26891
6.26692
6.26493
6.26294
6.26095
6.25897
6.25698
6.255
6.25301
6.25103
6.24905
6.24707
6.24509
6.24311
6.24114
6.23916
6.23719
6.23522
6.23325
6.23128
6.22931
6.22734
6.22538
6.22341
6.22145
6.21949
6.21753
6.21557
6.21361
6.21165
6.2097
6.20774
6.20579
6.20384
6.20189
6.19994
6.19799
6.19604
6.1941
6.19215
6.19021
6.18826
6.18632
6.18438
6.18245
6.18051
6.17857
6.17664
6.1747
6.17277
6.17084
6.16891
6.16698
6.16505
6.16313
6.1612
6.15928
6.15735
6.15543
6.15351
6.15159
6.14967
6.14776
6.14584
6.14393
6.14201
6.1401
6.13819
6.13628
6.13437
6.13246
6.13056
6.12865
6.12675
6.12484
6.12294
6.12104
6.11914
6.11725
6.11535
6.11345
6.11156
6.10967
6.10777
6.10588
6.10399
6.1021
6.10022
6.09833
6.09645
6.09456
6.09268
6.0908
6.08892
6.08704
6.08516
6.08328
6.08141
6.07953
6.07766
6.07579
6.07391
6.07204
6.07018
6.06831
6.06644
6.06458
6.06271
6.06085
6.05899
6.05713
6.05527
6.05341
6.05155
6.04969
6.04784
6.04598
6.04413
6.04228
6.04043
6.03858
6.03673
6.03488
6.03304
6.03119
6.02935
6.02751
6.02566
6.02382
6.02198
6.02015
6.01831
6.01647
6.01464
6.0128
6.01097
6.00914
6.00731
6.00548
6.00365
6.00183
6
5.99818
5.99635
5.99453
5.99271
5.99089
5.98907
5.98725
5.98543
5.98362
5.9818
5.97999
5.97818
5.97636
5.97455
5.97274
5.97094
5.96913
5.96732
5.96552
5.96371
5.96191
5.96011
5.95831
5.95651
5.95471
5.95291
5.95112
5.94932
5.94753
5.94573
5.94394
5.94215
5.94036
5.93857
5.93678
5.935
5.93321
5.93143
5.92965
5.92786
5.92608
5.9243
5.92252
5.92074
5.91897
5.91719
5.91542
5.91364
5.91187
5.9101
5.90833
5.90656
5.90479
5.90302
5.90126
5.89949
5.89773
5.89596
5.8942
5.89244
5.89068
5.88892
5.88716
5.88541
5.88365
5.8819
5.88014
5.87839
5.87664
5.87489
5.87314
5.87139
5.86964
5.8679
5.86615
5.86441
5.86266
5.86092
5.85918
5.85744
5.8557
5.85396
5.85223
5.85049
5.84875
5.84702
5.84529
5.84356
5.84182
5.8401
5.83837
5.83664
5.83491
5.83319
5.83146
5.82974
5.82801
5.82629
5.82457
5.82285
5.82113
5.81942
5.8177
5.81598
5.81427
5.81256
5.81084
5.80913
5.80742
5.80571
5.804
5.80229
5.80059
5.79888
5.79718
5.79547
5.79377
5.79207
5.79037
5.78867
5.78697
5.78527
5.78358
5.78188
5.78019
5.77849
5.7768
5.77511
5.77342
5.77173
5.77004
5.76835
5.76667
5.76498
5.7633
5.76161
5.75993
5.75825
5.75657
5.75489
5.75321
5.75153
5.74985
5.74818
5.7465
5.74483
5.74316
5.74149
5.73981
5.73814
5.73647
5.73481
5.73314
5.73147
5.72981
5.72814
5.72648
5.72482
5.72316
5.7215
5.71984
5.71818
5.71652
5.71487
5.71321
5.71156
5.7099
5.70825
5.7066
5.70495
5.7033
5.70165
5.7
5.69835
5.69671
5.69506
5.69342
5.69177
5.69013
5.68849
5.68685
5.68521
5.68357
5.68194
5.6803
5.67866
5.67703
5.6754
5.67376
5.67213
5.6705
5.66887
5.66724
5.66561
5.66399
5.66236
5.66073
5.65911
5.65749
5.65586
5.65424
5.65262
5.651
5.64938
5.64777
5.64615
5.64453
5.64292
5.6413
5.63969
5.63808
5.63647
5.63486
5.63325
5.63164
5.63003
5.62842
5.62682
5.62521
5.62361
5.62201
5.6204
5.6188
5.6172
5.6156
5.61401
5.61241
5.61081
5.60922
5.60762
5.60603
5.60443
5.60284
5.60125
5.59966
5.59807
5.59648
5.59489
5.59331
5.59172
5.59014
5.58855
5.58697
5.58539
5.58381
5.58222
5.58065
5.57907
5.57749
5.57591
5.57434
5.57276
5.57119
5.56961
5.56804
5.56647
5.5649
5.56333
5.56176
5.56019
5.55862
5.55706
5.55549
5.55393
5.55236
5.5508
5.54924
5.54768
5.54612
5.54456
5.543
5.54144
5.53989
5.53833
5.53678
5.53522
5.53367
5.53212
5.53057
5.52902
5.52747
5.52592
5.52437
5.52282
5.52128
5.51973
5.51819
5.51664
5.5151
5.51356
5.51202
5.51048
5.50894
5.5074
5.50586
5.50433
5.50279
5.50126
5.49972
5.49819
5.49666
5.49512
5.49359
5.49206
5.49053
5.48901
5.48748
5.48595
5.48443
5.4829
5.48138
5.47986
5.47833
5.47681
5.47529
5.47377
5.47225
5.47074
5.46922
5.4677
5.46619
5.46467
5.46316
5.46165
5.46013
5.45862
5.45711
5.4556
5.45409
5.45259
5.45108
5.44957
5.44807
5.44656
5.44506
5.44355
5.44205
5.44055
5.43905
5.43755
5.43605
5.43456
5.43306
5.43156
5.43007
5.42857
5.42708
5.42558
5.42409
5.4226
5.42111
5.41962
5.41813
5.41664
5.41516
5.41367
5.41218
5.4107
5.40922
5.40773
5.40625
5.40477
5.40329
5.40181
5.40033
5.39885
5.39737
5.3959
5.39442
5.39294
5.39147
5.39
5.38852
5.38705
5.38558
5.38411
5.38264
5.38117
5.37971
5.37824
5.37677
5.37531
5.37384
5.37238
5.37091
5.36945
5.36799
5.36653
5.36507
5.36361
5.36215
5.3607
5.35924
5.35778
5.35633
5.35487
5.35342
5.35197
5.35052
5.34906
5.34761
5.34616
5.34472
5.34327
5.34182
5.34037
5.33893
5.33748
5.33604
5.3346
5.33315
5.33171
5.33027
5.32883
5.32739
5.32595
5.32451
5.32308
5.32164
5.32021
5.31877
5.31734
5.3159
5.31447
5.31304
5.31161
5.31018
5.30875
5.30732
5.30589
5.30446
5.30304
5.30161
5.30019
5.29876
5.29734
5.29592
5.2945
5.29308
5.29166
5.29024
5.28882
5.2874
5.28598
5.28457
5.28315
5.28174
5.28032
5.27891
5.2775
5.27608
5.27467
5.27326
5.27185
5.27044
5.26904
5.26763
5.26622
5.26482
5.26341
5.26201
5.2606
5.2592
5.2578
5.2564
5.255
5.2536
5.2522
5.2508
5.2494
5.248
5.24661
5.24521
5.24382
5.24242
5.24103
5.23964
5.23825
5.23686
5.23547
5.23408
5.23269
5.2313
5.22991
5.22853
5.22714
5.22576
5.22437
5.22299
5.2216
5.22022
5.21884
5.21746
5.21608
5.2147
5.21332
5.21195
5.21057
5.20919
5.20782
5.20644
5.20507
5.20369
5.20232
5.20095
5.19958
5.19821
5.19684
5.19547
5.1941
5.19273
5.19137
5.19
5.18863
5.18727
5.18591
5.18454
5.18318
5.18182
5.18046
5.1791
5.17774
5.17638
5.17502
5.17366
5.17231
5.17095
5.16959
5.16824
5.16688
5.16553
5.16418
5.16283
5.16148
5.16013
5.15878
5.15743
5.15608
5.15473
5.15338
5.15204
5.15069
5.14935
5.148
5.14666
5.14532
5.14398
5.14263
5.14129
5.13995
5.13861
5.13728
5.13594
5.1346
5.13326
5.13193
5.13059
5.12926
5.12792
5.12659
5.12526
5.12393
5.1226
5.12127
5.11994
5.11861
5.11728
5.11595
5.11463
5.1133
5.11198
5.11065
5.10933
5.108
5.10668
5.10536
5.10404
5.10272
5.1014
5.10008
5.09876
5.09744
5.09612
5.09481
5.09349
5.09218
5.09086
5.08955
5.08824
5.08692
5.08561
5.0843
5.08299
5.08168
5.08037
5.07906
5.07775
5.07645
5.07514
5.07384
5.07253
5.07123
5.06992
5.06862
5.06732
5.06602
5.06471
5.06341
5.06212
5.06082
5.05952
5.05822
5.05692
5.05563
5.05433
5.05304
5.05174
5.05045
5.04915
5.04786
5.04657
5.04528
5.04399
5.0427
5.04141
5.04012
5.03884
5.03755
5.03626
5.03498
5.03369
5.03241
5.03112
5.02984
5.02856
5.02728
5.02599
5.02471
5.02343
5.02215
5.02088
5.0196
5.01832
5.01704
5.01577
5.01449
5.01322
5.01194
5.01067
5.0094
5.00813
5.00685
5.00558
5.00431
5.00304
5.00178
5.00051
4.99924
4.99797
4.99671
4.99544
4.99418
4.99291
4.99165
4.99038
4.98912
4.98786
4.9866
4.98534
4.98408
4.98282
4.98156
4.9803
4.97905
4.97779
4.97653
4.97528
4.97402
4.97277
4.97151
4.97026
4.96901
4.96776
4.96651
4.96526
4.96401
4.96276
4.96151
4.96026
4.95901
4.95777
4.95652
4.95528
4.95403
4.95279
4.95154
4.9503
4.94906
4.94782
4.94658
4.94534
4.9441
4.94286
4.94162
4.94038
4.93914
4.93791
4.93667
4.93544
4.9342
4.93297
4.93173
4.9305
4.92927
4.92804
4.92681
4.92557
4.92434
4.92312
4.92189
4.92066
4.91943
4.9182
4.91698
4.91575
4.91453
4.9133
4.91208
4.91086
4.90963
4.90841
4.90719
4.90597
4.90475
4.90353
4.90231
4.90109
4.89988
4.89866
4.89744
4.89623
4.89501
4.8938
4.89258
4.89137
4.89016
4.88894
4.88773
4.88652
4.88531
4.8841
4.88289
4.88168
4.88048
4.87927
4.87806
4.87685
4.87565
4.87444
4.87324
4.87204
4.87083
4.86963
4.86843
4.86723
4.86602
4.86482
4.86363
4.86243
4.86123
4.86003
4.85883
4.85764
4.85644
4.85524
4.85405
4.85285
4.85166
4.85047
4.84927
4.84808
4.84689
4.8457
4.84451
4.84332
4.84213
4.84094
4.83975
4.83857
4.83738
4.83619
4.83501
4.83382
4.83264
4.83146
4.83027
4.82909
4.82791
4.82673
4.82554
4.82436
4.82318
4.822
4.82083
4.81965
4.81847
4.81729
4.81612
4.81494
4.81377
4.81259
4.81142
4.81024
4.80907
4.8079
4.80673
4.80556
4.80438
4.80321
4.80205
4.80088
4.79971
4.79854
4.79737
4.79621
4.79504
4.79387
4.79271
4.79155
4.79038
4.78922
4.78806
4.78689
4.78573
4.78457
4.78341
4.78225
4.78109
4.77993
4.77877
4.77762
4.77646
4.7753
4.77415
4.77299
4.77184
4.77068
4.76953
4.76838
4.76722
4.76607
4.76492
4.76377
4.76262
4.76147
4.76032
4.75917
4.75802
4.75687
4.75573
4.75458
4.75343
4.75229
4.75114
4.75
4.74886
4.74771
4.74657
4.74543
4.74429
4.74315
4.74201
4.74087
4.73973
4.73859
4.73745
4.73631
4.73517
4.73404
4.7329
4.73177
4.73063
4.7295
4.72836
4.72723
4.7261
4.72496
4.72383
4.7227
4.72157
4.72044
4.71931
4.71818
4.71705
4.71593
4.7148
4.71367
4.71254
4.71142
4.71029
4.70917
4.70805
4.70692
4.7058
4.70468
4.70355
4.70243
4.70131
4.70019
4.69907
4.69795
4.69683
4.69571
4.6946
4.69348
4.69236
4.69125
4.69013
4.68902
4.6879
4.68679
4.68567
4.68456
4.68345
4.68234
4.68122
4.68011
4.679
4.67789
4.67678
4.67568
4.67457
4.67346
4.67235
4.67125
4.67014
4.66903
4.66793
4.66682
4.66572
4.66462
4.66351
4.66241
4.66131
4.66021
4.65911
4.65801
4.65691
4.65581
4.65471
4.65361
4.65251
4.65142
4.65032
4.64922
4.64813
4.64703
4.64594
4.64484
4.64375
4.64266
4.64156
4.64047
4.63938
4.63829
4.6372
4.63611
4.63502
4.63393
4.63284
4.63175
4.63066
4.62958
4.62849
4.62741
4.62632
4.62523
4.62415
4.62307
4.62198
4.6209
4.61982
4.61874
4.61765
4.61657
4.61549
4.61441
4.61333
4.61225
4.61118
4.6101
4.60902
4.60794
4.60687
4.60579
4.60472
4.60364
4.60257
4.60149
4.60042
4.59935
4.59827
4.5972
4.59613
4.59506
4.59399
4.59292
4.59185
4.59078
4.58971
4.58865
4.58758
4.58651
4.58545
4.58438
4.58331
4.58225
4.58118
4.58012
4.57906
4.57799
4.57693
4.57587
4.57481
4.57375
4.57269
4.57163
4.57057
4.56951
4.56845
4.56739
4.56633
4.56528
4.56422
4.56317
4.56211
4.56105
4.56
4.55895
4.55789
4.55684
4.55579
4.55473
4.55368
4.55263
4.55158
4.55053
4.54948
4.54843
4.54738
4.54633
4.54529
4.54424
4.54319
4.54215
4.5411
4.54006
4.53901
4.53797
4.53692
4.53588
4.53484
4.53379
4.53275
4.53171
4.53067
4.52963
4.52859
4.52755
4.52651
4.52547
4.52443
4.52339
4.52236
4.52132
4.52028
4.51925
4.51821
4.51718
4.51614
4.51511
4.51408
4.51304
4.51201
4.51098
4.50995
4.50892
4.50789
4.50686
4.50583
4.5048
4.50377
4.50274
4.50171
4.50068
4.49966
4.49863
4.49761
4.49658
4.49555
4.49453
4.49351
4.49248
4.49146
4.49044
4.48941
4.48839
4.48737
4.48635
4.48533
4.48431
4.48329
4.48227
4.48125
4.48024
4.47922
4.4782
4.47719
4.47617
4.47515
4.47414
4.47312
4.47211
4.4711
4.47008
4.46907
4.46806
4.46704
4.46603
4.46502
4.46401
4.463
4.46199
4.46098
4.45997
4.45896
4.45796
4.45695
4.45594
4.45494
4.45393
4.45292
4.45192
4.45091
4.44991
4.44891
4.4479
4.4469
4.4459
4.4449
4.44389
4.44289
4.44189
4.44089
4.43989
4.43889
4.43789
4.4369
4.4359
4.4349
4.4339
4.43291
4.43191
4.43091
4.42992
4.42892
4.42793
4.42694
4.42594
4.42495
4.42396
4.42297
4.42197
4.42098
4.41999
4.419
4.41801
4.41702
4.41603
4.41504
4.41406
4.41307
4.41208
4.41109
4.41011
4.40912
4.40814
4.40715
4.40617
4.40518
4.4042
4.40321
4.40223
4.40125
4.40027
4.39929
4.3983
4.39732
4.39634
4.39536
4.39438
4.39341
4.39243
4.39145
4.39047
4.38949
4.38852
4.38754
4.38657
4.38559
4.38462
4.38364
4.38267
4.38169
4.38072
4.37975
4.37877
4.3778
4.37683
4.37586
4.37489
4.37392
4.37295
4.37198
4.37101
4.37004
4.36907
4.36811
4.36714
4.36617
4.36521
4.36424
4.36327
4.36231
4.36134
4.36038
4.35942
4.35845
4.35749
4.35653
4.35557
4.3546
4.35364
4.35268
4.35172
4.35076
4.3498
4.34884
4.34788
4.34693
4.34597
4.34501
4.34405
4.3431
4.34214
4.34118
4.34023
4.33927
4.33832
4.33737
4.33641
4.33546
4.33451
4.33355
4.3326
4.33165
4.3307
4.32975
4.3288
4.32785
4.3269
4.32595
4.325
4.32405
4.3231
4.32216
4.32121
4.32026
4.31932
4.31837
4.31743
4.31648
4.31554
4.31459
4.31365
4.31271
4.31176
4.31082
4.30988
4.30894
4.30799
4.30705
4.30611
4.30517
4.30423
4.30329
4.30236
4.30142
4.30048
4.29954
4.2986
4.29767
4.29673
4.2958
4.29486
4.29393
4.29299
4.29206
4.29112
4.29019
4.28926
4.28832
4.28739
4.28646
4.28553
4.2846
4.28367
4.28274
4.28181
4.28088
4.27995
4.27902
4.27809
4.27716
4.27624
4.27531
4.27438
4.27346
4.27253
4.27161
4.27068
4.26976
4.26883
4.26791
4.26698
4.26606
4.26514
4.26422
4.26329
4.26237
4.26145
4.26053
4.25961
4.25869
4.25777
4.25685
4.25593
4.25502
4.2541
4.25318
4.25226
4.25135
4.25043
4.24952
4.2486
4.24768
4.24677
4.24586
4.24494
4.24403
4.24312
4.2422
4.24129
4.24038
4.23947
4.23856
4.23765
4.23673
4.23582
4.23492
4.23401
4.2331
4.23219
4.23128
4.23037
4.22947
4.22856
4.22765
4.22675
4.22584
4.22494
4.22403
4.22313
4.22222
4.22132
4.22042
4.21951
4.21861
4.21771
4.21681
4.2159
4.215
4.2141
4.2132
4.2123
4.2114
4.2105
4.20961
4.20871
4.20781
4.20691
4.20601
4.20512
4.20422
4.20332
4.20243
4.20153
4.20064
4.19974
4.19885
4.19796
4.19706
4.19617
4.19528
4.19439
4.19349
4.1926
4.19171
4.19082
4.18993
4.18904
4.18815
4.18726
4.18637
4.18548
4.1846
4.18371
4.18282
4.18193
4.18105
4.18016
4.17928
4.17839
4.1775
4.17662
4.17574
4.17485
4.17397
4.17309
4.1722
4.17132
4.17044
4.16956
4.16867
4.16779
4.16691
4.16603
4.16515
4.16427
4.16339
4.16252
4.16164
4.16076
4.15988
4.159
4.15813
4.15725
4.15638
4.1555
4.15462
4.15375
4.15287
4.152
4.15113
4.15025
4.14938
4.14851
4.14763
4.14676
4.14589
4.14502
4.14415
4.14328
4.14241
4.14154
4.14067
4.1398
4.13893
4.13806
4.13719
4.13633
4.13546
4.13459
4.13372
4.13286
4.13199
4.13113
4.13026
4.1294
4.12853
4.12767
4.1268
4.12594
4.12508
4.12422
4.12335
4.12249
4.12163
4.12077
4.11991
4.11905
4.11819
4.11733
4.11647
4.11561
4.11475
4.11389
4.11303
4.11218
4.11132
4.11046
4.10961
4.10875
4.10789
4.10704
4.10618
4.10533
4.10447
4.10362
4.10277
4.10191
4.10106
4.10021
4.09936
4.0985
4.09765
4.0968
4.09595
4.0951
4.09425
4.0934
4.09255
4.0917
4.09085
4.09
4.08916
4.08831
4.08746
4.08661
4.08577
4.08492
4.08408
4.08323
4.08238
4.08154
4.0807
4.07985
4.07901
4.07816
4.07732
4.07648
4.07564
4.07479
4.07395
4.07311
4.07227
4.07143
4.07059
4.06975
4.06891
4.06807
4.06723
4.06639
4.06555
4.06472
4.06388
4.06304
4.0622
4.06137
4.06053
4.0597
4.05886
4.05802
4.05719
4.05636
4.05552
4.05469
4.05385
4.05302
4.05219
4.05136
4.05052
4.04969
4.04886
4.04803
4.0472
4.04637
4.04554
4.04471
4.04388
4.04305
4.04222
4.04139
4.04057
4.03974
4.03891
4.03808
4.03726
4.03643
4.0356
4.03478
4.03395
4.03313
4.0323
4.03148
4.03066
4.02983
4.02901
4.02819
4.02736
4.02654
4.02572
4.0249
4.02408
4.02326
4.02244
4.02162
4.0208
4.01998
4.01916
4.01834
4.01752
4.0167
4.01588
4.01507
4.01425
4.01343
4.01261
4.0118
4.01098
4.01017
4.00935
4.00854
4.00772
4.00691
4.00609
4.00528
4.00447
4.00365
4.00284
4.00203
4.00122
4.00041
3.99959
3.99878
3.99797
3.99716
3.99635
3.99554
3.99473
3.99392
3.99312
3.99231
3.9915
3.99069
3.98988
3.98908
3.98827
3.98746
3.98666
3.98585
3.98505
3.98424
3.98344
3.98263
3.98183
3.98103
3.98022
3.97942
3.97862
3.97781
3.97701
3.97621
3.97541
3.97461
3.97381
3.97301
3.97221
3.97141
3.97061
3.96981
3.96901
3.96821
3.96741
3.96661
3.96582
3.96502
3.96422
3.96342
3.96263
3.96183
3.96104
3.96024
3.95945
3.95865
3.95786
3.95706
3.95627
3.95548
3.95468
3.95389
3.9531
3.9523
3.95151
3.95072
3.94993
3.94914
3.94835
3.94756
3.94677
3.94598
3.94519
3.9444
3.94361
3.94282
3.94203
3.94125
3.94046
3.93967
3.93889
3.9381
3.93731
3.93653
3.93574
3.93496
3.93417
3.93339
3.9326
3.93182
3.93103
3.93025
3.92947
3.92869
3.9279
3.92712
3.92634
3.92556
3.92478
3.924
3.92321
3.92243
3.92165
3.92087
3.9201
3.91932
3.91854
3.91776
3.91698
3.9162
3.91543
3.91465
3.91387
3.9131
3.91232
3.91154
3.91077
3.90999
3.90922
3.90844
3.90767
3.90689
3.90612
3.90535
3.90457
3.9038
3.90303
3.90226
3.90148
3.90071
3.89994
3.89917
3.8984
3.89763
3.89686
3.89609
3.89532
3.89455
3.89378
3.89301
3.89224
3.89148
3.89071
3.88994
3.88917
3.88841
3.88764
3.88687
3.88611
3.88534
3.88458
3.88381
3.88305
3.88228
3.88152
3.88076
3.87999
3.87923
3.87847
3.8777
3.87694
3.87618
3.87542
3.87466
3.8739
3.87313
3.87237
3.87161
3.87085
3.87009
3.86933
3.86858
3.86782
3.86706
3.8663
3.86554
3.86479
3.86403
3.86327
3.86251
3.86176
3.861
3.86025
3.85949
3.85874
3.85798
3.85723
3.85647
3.85572
3.85496
3.85421
3.85346
3.85271
3.85195
3.8512
3.85045
3.8497
3.84895
3.84819
3.84744
3.84669
3.84594
3.84519
3.84444
3.8437
3.84295
3.8422
3.84145
3.8407
3.83995
3.83921
3.83846
3.83771
3.83697
3.83622
3.83547
3.83473
3.83398
3.83324
3.83249
3.83175
3.831
3.83026
3.82951
3.82877
3.82803
3.82729
3.82654
3.8258
3.82506
3.82432
3.82358
3.82283
3.82209
3.82135
3.82061
3.81987
3.81913
3.81839
3.81765
3.81692
3.81618
3.81544
3.8147
3.81396
3.81323
3.81249
3.81175
3.81101
3.81028
3.80954
3.80881
3.80807
3.80734
3.8066
3.80587
3.80513
3.8044
3.80366
3.80293
3.8022
3.80146
3.80073
3.8
3.79927
3.79854
3.7978
3.79707
3.79634
3.79561
3.79488
3.79415
3.79342
3.79269
3.79196
3.79123
3.79051
3.78978
3.78905
3.78832
3.78759
3.78687
3.78614
3.78541
3.78469
3.78396
3.78323
3.78251
3.78178
3.78106
3.78033
3.77961
3.77889
3.77816
3.77744
3.77671
3.77599
3.77527
3.77455
3.77382
3.7731
3.77238
3.77166
3.77094
3.77022
3.7695
3.76877
3.76805
3.76734
3.76662
3.7659
3.76518
3.76446
3.76374
3.76302
3.7623
3.76159
3.76087
3.76015
3.75944
3.75872
3.758
3.75729
3.75657
3.75586
3.75514
3.75443
3.75371
3.753
3.75228
3.75157
3.75086
3.75014
3.74943
3.74872
3.748
3.74729
3.74658
3.74587
3.74516
3.74445
3.74374
3.74303
3.74232
3.7416
3.7409
3.74019
3.73948
3.73877
3.73806
3.73735
3.73664
3.73593
3.73523
3.73452
3.73381
3.73311
3.7324
3.73169
3.73099
3.73028
3.72958
3.72887
3.72817
3.72746
3.72676
3.72605
3.72535
3.72465
3.72394
3.72324
3.72254
3.72183
3.72113
3.72043
3.71973
3.71903
3.71833
3.71762
3.71692
3.71622
3.71552
3.71482
3.71412
3.71342
3.71273
3.71203
3.71133
3.71063
3.70993
3.70923
3.70854
3.70784
3.70714
3.70645
3.70575
3.70505
3.70436
3.70366
3.70297
3.70227
3.70158
3.70088
3.70019
3.69949
3.6988
3.69811
3.69741
3.69672
3.69603
3.69533
3.69464
3.69395
3.69326
3.69257
3.69188
3.69118
3.69049
3.6898
3.68911
3.68842
3.68773
3.68704
3.68636
3.68567
3.68498
3.68429
3.6836
3.68291
3.68223
3.68154
3.68085
3.68016
3.67948
3.67879
3.67811
3.67742
3.67673
3.67605
3.67536
3.67468
3.67399
3.67331
3.67263
3.67194
3.67126
3.67057
3.66989
3.66921
3.66853
3.66784
3.66716
3.66648
3.6658
3.66512
3.66444
3.66376
3.66308
3.6624
3.66172
3.66104
3.66036
3.65968
3.659
3.65832
3.65764
3.65696
3.65628
3.65561
3.65493
3.65425
3.65358
3.6529
3.65222
3.65155
3.65087
3.65019
3.64952
3.64884
3.64817
3.64749
3.64682
3.64615
3.64547
3.6448
3.64412
3.64345
3.64278
3.64211
3.64143
3.64076
3.64009
3.63942
3.63875
3.63807
3.6374
3.63673
3.63606
3.63539
3.63472
3.63405
3.63338
3.63271
3.63204
3.63138
3.63071
3.63004
3.62937
3.6287
3.62804
3.62737
3.6267
3.62603
3.62537
3.6247
3.62404
3.62337
3.6227
3.62204
3.62137
3.62071
3.62004
3.61938
3.61872
3.61805
3.61739
3.61672
3.61606
3.6154
3.61474
3.61407
3.61341
3.61275
3.61209
3.61143
3.61076
3.6101
3.60944
3.60878
3.60812
3.60746
3.6068
3.60614
3.60548
3.60483
3.60417
3.60351
3.60285
3.60219
3.60153
3.60088
3.60022
3.59956
3.59891
3.59825
3.59759
3.59694
3.59628
3.59562
3.59497
3.59431
3.59366
3.593
3.59235
3.5917
3.59104
3.59039
3.58973
3.58908
3.58843
3.58778
3.58712
3.58647
3.58582
3.58517
3.58451
3.58386
3.58321
3.58256
3.58191
3.58126
3.58061
3.57996
3.57931
3.57866
3.57801
3.57736
3.57671
3.57607
3.57542
3.57477
3.57412
3.57347
3.57283
3.57218
3.57153
3.57089
3.57024
3.56959
3.56895
3.5683
3.56766
3.56701
3.56637
3.56572
3.56508
3.56443
3.56379
3.56314
3.5625
3.56186
3.56121
3.56057
3.55993
3.55929
3.55864
3.558
3.55736
3.55672
3.55608
3.55544
3.55479
3.55415
3.55351
3.55287
3.55223
3.55159
3.55095
3.55031
3.54968
3.54904
3.5484
3.54776
3.54712
3.54648
3.54585
3.54521
3.54457
3.54394
3.5433
3.54266
3.54203
3.54139
3.54075
3.54012
3.53948
3.53885
3.53821
3.53758
3.53694
3.53631
3.53568
3.53504
3.53441
3.53378
3.53314
3.53251
3.53188
3.53124
3.53061
3.52998
3.52935
3.52872
3.52809
3.52745
3.52682
3.52619
3.52556
3.52493
3.5243
3.52367
3.52304
3.52241
3.52179
3.52116
3.52053
3.5199
3.51927
3.51864
3.51802
3.51739
3.51676
3.51613
3.51551
3.51488
3.51426
3.51363
3.513
3.51238
3.51175
3.51113
3.5105
3.50988
3.50925
3.50863
3.508
3.50738
3.50676
3.50613
3.50551
3.50489
3.50426
3.50364
3.50302
3.5024
3.50178
3.50115
3.50053
3.49991
3.49929
3.49867
3.49805
3.49743
3.49681
3.49619
3.49557
3.49495
3.49433
3.49371
3.49309
3.49247
3.49186
3.49124
3.49062
3.49
3.48938
3.48877
3.48815
3.48753
3.48692
3.4863
3.48568
3.48507
3.48445
3.48384
3.48322
3.48261
3.48199
3.48138
3.48076
3.48015
3.47953
3.47892
3.47831
3.47769
3.47708
3.47647
3.47585
3.47524
3.47463
3.47402
3.47341
3.47279
3.47218
3.47157
3.47096
3.47035
3.46974
3.46913
3.46852
3.46791
3.4673
3.46669
3.46608
3.46547
3.46486
3.46425
3.46365
3.46304
3.46243
3.46182
3.46121
3.46061
3.46
3.45939
3.45879
3.45818
3.45757
3.45697
3.45636
3.45576
3.45515
3.45455
3.45394
3.45334
3.45273
3.45213
3.45152
3.45092
3.45031
3.44971
3.44911
3.4485
3.4479
3.4473
3.4467
3.44609
3.44549
3.44489
3.44429
3.44369
3.44309
3.44249
3.44188
3.44128
3.44068
3.44008
3.43948
3.43888
3.43828
3.43769
3.43709
3.43649
3.43589
3.43529
3.43469
3.43409
3.4335
3.4329
3.4323
3.4317
3.43111
3.43051
3.42991
3.42932
3.42872
3.42812
3.42753
3.42693
3.42634
3.42574
3.42515
3.42455
3.42396
3.42336
3.42277
3.42218
3.42158
3.42099
3.4204
3.4198
3.41921
3.41862
3.41802
3.41743
3.41684
3.41625
3.41566
3.41506
3.41447
3.41388
3.41329
3.4127
3.41211
3.41152
3.41093
3.41034
3.40975
3.40916
3.40857
3.40798
3.40739
3.40681
3.40622
3.40563
3.40504
3.40445
3.40387
3.40328
3.40269
3.4021
3.40152
3.40093
3.40034
3.39976
3.39917
3.39859
3.398
3.39742
3.39683
3.39625
3.39566
3.39508
3.39449
3.39391
3.39332
3.39274
3.39216
3.39157
3.39099
3.39041
3.38982
3.38924
3.38866
3.38808
3.3875
3.38691
3.38633
3.38575
3.38517
3.38459
3.38401
3.38343
3.38285
3.38227
3.38169
3.38111
3.38053
3.37995
3.37937
3.37879
3.37821
3.37763
3.37705
3.37648
3.3759
3.37532
3.37474
3.37417
3.37359
3.37301
3.37243
3.37186
3.37128
3.37071
3.37013
3.36955
3.36898
3.3684
3.36783
3.36725
3.36668
3.3661
3.36553
3.36495
3.36438
3.36381
3.36323
3.36266
3.36209
3.36151
3.36094
3.36037
3.3598
3.35922
3.35865
3.35808
3.35751
3.35694
3.35636
3.35579
3.35522
3.35465
3.35408
3.35351
3.35294
3.35237
3.3518
3.35123
3.35066
3.35009
3.34952
3.34896
3.34839
3.34782
3.34725
3.34668
3.34611
3.34555
3.34498
3.34441
3.34385
3.34328
3.34271
3.34215
3.34158
3.34101
3.34045
3.33988
3.33932
3.33875
3.33819
3.33762
3.33706
3.33649
3.33593
3.33536
3.3348
3.33424
3.33367
3.33311
3.33254
3.33198
3.33142
3.33086
3.33029
3.32973
3.32917
3.32861
3.32805
3.32748
3.32692
3.32636
3.3258
3.32524
3.32468
3.32412
3.32356
3.323
3.32244
3.32188
3.32132
3.32076
3.3202
3.31964
3.31908
3.31853
3.31797
3.31741
3.31685
3.31629
3.31574
3.31518
3.31462
3.31406
3.31351
3.31295
3.3124
3.31184
3.31128
3.31073
3.31017
3.30962
3.30906
3.30851
3.30795
3.3074
3.30684
3.30629
3.30573
3.30518
3.30462
3.30407
3.30352
3.30296
3.30241
3.30186
3.30131
3.30075
3.3002
3.29965
3.2991
3.29854
3.29799
3.29744
3.29689
3.29634
3.29579
3.29524
3.29469
3.29414
3.29359
3.29304
3.29249
3.29194
3.29139
3.29084
3.29029
3.28974
3.28919
3.28864
3.2881
3.28755
3.287
3.28645
3.2859
3.28536
3.28481
3.28426
3.28372
3.28317
3.28262
3.28208
3.28153
3.28098
3.28044
3.27989
3.27935
3.2788
3.27826
3.27771
3.27717
3.27662
3.27608
3.27554
3.27499
3.27445
3.2739
3.27336
3.27282
3.27227
3.27173
3.27119
3.27065
3.2701
3.26956
3.26902
3.26848
3.26794
3.2674
3.26685
3.26631
3.26577
3.26523
3.26469
3.26415
3.26361
3.26307
3.26253
3.26199
3.26145
3.26091
3.26037
3.25983
3.2593
3.25876
3.25822
3.25768
3.25714
3.2566
3.25607
3.25553
3.25499
3.25446
3.25392
3.25338
3.25285
3.25231
3.25177
3.25124
3.2507
3.25016
3.24963
3.24909
3.24856
3.24802
3.24749
3.24695
3.24642
3.24589
3.24535
3.24482
3.24428
3.24375
3.24322
3.24268
3.24215
3.24162
3.24108
3.24055
3.24002
3.23949
3.23896
3.23842
3.23789
3.23736
3.23683
3.2363
3.23577
3.23524
3.23471
3.23418
3.23364
3.23311
3.23258
3.23205
3.23153
3.231
3.23047
3.22994
3.22941
3.22888
3.22835
3.22782
3.2273
3.22677
3.22624
3.22571
3.22518
3.22466
3.22413
3.2236
3.22308
3.22255
3.22202
3.2215
3.22097
3.22044
3.21992
3.21939
3.21887
3.21834
3.21782
3.21729
3.21677
3.21624
3.21572
3.21519
3.21467
3.21415
3.21362
3.2131
3.21258
3.21205
3.21153
3.21101
3.21048
3.20996
3.20944
3.20892
3.20839
3.20787
3.20735
3.20683
3.20631
3.20579
3.20527
3.20474
3.20422
3.2037
3.20318
3.20266
3.20214
3.20162
3.2011
3.20058
3.20006
3.19955
3.19903
3.19851
3.19799
3.19747
3.19695
3.19643
3.19592
3.1954
3.19488
3.19436
3.19385
3.19333
3.19281
3.1923
3.19178
3.19126
3.19075
3.19023
3.18971
3.1892
3.18868
3.18817
3.18765
3.18714
3.18662
3.18611
3.18559
3.18508
3.18456
3.18405
3.18354
3.18302
3.18251
3.18199
3.18148
3.18097
3.18045
3.17994
3.17943
3.17892
3.1784
3.17789
3.17738
3.17687
3.17636
3.17585
3.17533
3.17482
3.17431
3.1738
3.17329
3.17278
3.17227
3.17176
3.17125
3.17074
3.17023
3.16972
3.16921
3.1687
3.16819
3.16768
3.16718
3.16667
3.16616
3.16565
3.16514
3.16463
3.16413
3.16362
3.16311
3.1626
3.1621
3.16159
3.16108
3.16058
3.16007
3.15956
3.15906
3.15855
3.15805
3.15754
3.15704
3.15653
3.15602
3.15552
3.15502
3.15451
3.15401
3.1535
3.153
3.15249
3.15199
3.15149
3.15098
3.15048
3.14998
3.14947
3.14897
3.14847
3.14796
3.14746
3.14696
3.14646
3.14596
3.14545
3.14495
3.14445
3.14395
3.14345
3.14295
3.14245
3.14195
3.14145
3.14095
3.14045
3.13995
3.13945
3.13895
3.13845
3.13795
3.13745
3.13695
3.13645
3.13595
3.13545
3.13495
3.13446
3.13396
3.13346
3.13296
3.13246
3.13197
3.13147
3.13097
3.13048
3.12998
3.12948
3.12899
3.12849
3.12799
3.1275
3.127
3.12651
3.12601
3.12551
3.12502
3.12452
3.12403
3.12354
3.12304
3.12255
3.12205
3.12156
3.12106
3.12057
3.12008
3.11958
3.11909
3.1186
3.1181
3.11761
3.11712
3.11662
3.11613
3.11564
3.11515
3.11466
3.11416
3.11367
3.11318
3.11269
3.1122
3.11171
3.11122
3.11073
3.11023
3.10974
3.10925
3.10876
3.10827
3.10778
3.10729
3.10681
3.10632
3.10583
3.10534
3.10485
3.10436
3.10387
3.10338
3.10289
3.10241
3.10192
3.10143
3.10094
3.10046
3.09997
3.09948
3.09899
3.09851
3.09802
3.09753
3.09705
3.09656
3.09608
3.09559
3.0951
3.09462
3.09413
3.09365
3.09316
3.09268
3.09219
3.09171
3.09122
3.09074
3.09025
3.08977
3.08929
3.0888
3.08832
3.08783
3.08735
3.08687
3.08639
3.0859
3.08542
3.08494
3.08445
3.08397
3.08349
3.08301
3.08253
3.08204
3.08156
3.08108
3.0806
3.08012
3.07964
3.07916
3.07868
3.0782
3.07772
3.07723
3.07676
3.07628
3.0758
3.07532
3.07484
3.07436
3.07388
3.0734
3.07292
3.07244
3.07196
3.07148
3.07101
3.07053
3.07005
3.06957
3.06909
3.06862
3.06814
3.06766
3.06719
3.06671
3.06623
3.06575
3.06528
3.0648
3.06433
3.06385
3.06337
3.0629
3.06242
3.06195
3.06147
3.061
3.06052
3.06005
3.05957
3.0591
3.05862
3.05815
3.05767
3.0572
3.05673
3.05625
3.05578
3.05531
3.05483
3.05436
3.05389
3.05341
3.05294
3.05247
3.052
3.05152
3.05105
3.05058
3.05011
3.04964
3.04917
3.04869
3.04822
3.04775
3.04728
3.04681
3.04634
3.04587
3.0454
3.04493
3.04446
3.04399
3.04352
3.04305
3.04258
3.04211
3.04164
3.04117
3.0407
3.04023
3.03977
3.0393
3.03883
3.03836
3.03789
3.03742
3.03696
3.03649
3.03602
3.03555
3.03509
3.03462
3.03415
3.03369
3.03322
3.03275
3.03229
3.03182
3.03136
3.03089
3.03042
3.02996
3.02949
3.02903
3.02856
3.0281
3.02763
3.02717
3.0267
3.02624
3.02577
3.02531
3.02485
3.02438
3.02392
3.02346
3.02299
3.02253
3.02207
3.0216
3.02114
3.02068
3.02021
3.01975
3.01929
3.01883
3.01837
3.0179
3.01744
3.01698
3.01652
3.01606
3.0156
3.01514
3.01467
3.01421
3.01375
3.01329
3.01283
3.01237
3.01191
3.01145
3.01099
3.01053
3.01007
3.00961
3.00915
3.0087
3.00824
3.00778
3.00732
3.00686
3.0064
3.00594
3.00549
3.00503
3.00457
3.00411
3.00366
3.0032
3.00274
3.00228
3.00183
3.00137
3.00091
3.00046
3
2.99954
2.99909
2.99863
2.99818
2.99772
2.99726
2.99681
2.99635
2.9959
2.99544
2.99499
2.99453
2.99408
2.99362
2.99317
2.99272
2.99226
2.99181
2.99135
2.9909
2.99045
2.98999
2.98954
2.98909
2.98863
2.98818
2.98773
2.98728
2.98682
2.98637
2.98592
2.98547
2.98502
2.98456
2.98411
2.98366
2.98321
2.98276
2.98231
2.98186
2.98141
2.98096
2.9805
2.98005
2.9796
2.97915
2.9787
2.97825
2.9778
2.97736
2.97691
2.97646
2.97601
2.97556
2.97511
2.97466
2.97421
2.97376
2.97332
2.97287
2.97242
2.97197
2.97152
2.97108
2.97063
2.97018
2.96973
2.96929
2.96884
2.96839
2.96795
2.9675
2.96705
2.96661
2.96616
2.96571
2.96527
2.96482
2.96438
2.96393
2.96349
2.96304
2.9626
2.96215
2.96171
2.96126
2.96082
2.96037
2.95993
2.95948
2.95904
2.9586
2.95815
2.95771
2.95726
2.95682
2.95638
2.95594
2.95549
2.95505
2.95461
2.95416
2.95372
2.95328
2.95284
2.9524
2.95195
2.95151
2.95107
2.95063
2.95019
2.94975
2.9493
2.94886
2.94842
2.94798
2.94754
2.9471
2.94666
2.94622
2.94578
2.94534
2.9449
2.94446
2.94402
2.94358
2.94314
2.9427
2.94226
2.94183
2.94139
2.94095
2.94051
2.94007
2.93963
2.9392
2.93876
2.93832
2.93788
2.93744
2.93701
2.93657
2.93613
2.9357
2.93526
2.93482
2.93438
2.93395
2.93351
2.93308
2.93264
2.9322
2.93177
2.93133
2.9309
2.93046
2.93003
2.92959
2.92915
2.92872
2.92829
2.92785
2.92742
2.92698
2.92655
2.92611
2.92568
2.92524
2.92481
2.92438
2.92394
2.92351
2.92308
2.92264
2.92221
2.92178
2.92134
2.92091
2.92048
2.92005
2.91962
2.91918
2.91875
2.91832
2.91789
2.91746
2.91702
2.91659
2.91616
2.91573
2.9153
2.91487
2.91444
2.91401
2.91358
2.91315
2.91272
2.91229
2.91186
2.91143
2.911
2.91057
2.91014
2.90971
2.90928
2.90885
2.90842
2.90799
2.90756
2.90713
2.90671
2.90628
2.90585
2.90542
2.90499
2.90457
2.90414
2.90371
2.90328
2.90286
2.90243
2.902
2.90157
2.90115
2.90072
2.90029
2.89987
2.89944
2.89901
2.89859
2.89816
2.89774
2.89731
2.89689
2.89646
2.89604
2.89561
2.89518
2.89476
2.89434
2.89391
2.89349
2.89306
2.89264
2.89221
2.89179
2.89137
2.89094
2.89052
2.89009
2.88967
2.88925
2.88882
2.8884
2.88798
2.88755
2.88713
2.88671
2.88629
2.88586
2.88544
2.88502
2.8846
2.88418
2.88375
2.88333
2.88291
2.88249
2.88207
2.88165
2.88123
2.88081
2.88039
2.87997
2.87954
2.87912
2.8787
2.87828
2.87786
2.87744
2.87702
2.8766
2.87618
2.87577
2.87535
2.87493
2.87451
2.87409
2.87367
2.87325
2.87283
2.87241
2.872
2.87158
2.87116
2.87074
2.87032
2.86991
2.86949
2.86907
2.86865
2.86824
2.86782
2.8674
2.86699
2.86657
2.86615
2.86574
2.86532
2.8649
2.86449
2.86407
2.86366
2.86324
2.86282
2.86241
2.86199
2.86158
2.86116
2.86075
2.86033
2.85992
2.8595
2.85909
2.85868
2.85826
2.85785
2.85743
2.85702
2.8566
2.85619
2.85578
2.85536
2.85495
2.85454
2.85412
2.85371
2.8533
2.85289
2.85247
2.85206
2.85165
2.85124
2.85082
2.85041
2.85
2.84959
2.84918
2.84876
2.84835
2.84794
2.84753
2.84712
2.84671
2.8463
2.84589
2.84548
2.84507
2.84466
2.84425
2.84384
2.84343
2.84302
2.84261
2.8422
2.84179
2.84138
2.84097
2.84056
2.84015
2.83974
2.83933
2.83892
2.83851
2.83811
2.8377
2.83729
2.83688
2.83647
2.83607
2.83566
2.83525
2.83484
2.83444
2.83403
2.83362
2.83321
2.83281
2.8324
2.83199
2.83159
2.83118
2.83077
2.83037
2.82996
2.82956
2.82915
2.82874
2.82834
2.82793
2.82753
2.82712
2.82672
2.82631
2.82591
2.8255
2.8251
2.82469
2.82429
2.82388
2.82348
2.82307
2.82267
2.82227
2.82186
2.82146
2.82106
2.82065
2.82025
2.81985
2.81944
2.81904
2.81864
2.81823
2.81783
2.81743
2.81703
2.81662
2.81622
2.81582
2.81542
2.81502
2.81461
2.81421
2.81381
2.81341
2.81301
2.81261
2.81221
2.81181
2.8114
2.811
2.8106
2.8102
2.8098
2.8094
2.809
2.8086
2.8082
2.8078
2.8074
2.807
2.8066
2.8062
2.8058
2.80541
2.80501
2.80461
2.80421
2.80381
2.80341
2.80301
2.80261
2.80222
2.80182
2.80142
2.80102
2.80062
2.80023
2.79983
2.79943
2.79903
2.79864
2.79824
2.79784
2.79745
2.79705
2.79665
2.79626
2.79586
2.79546
2.79507
2.79467
2.79428
2.79388
2.79348
2.79309
2.79269
2.7923
2.7919
2.79151
2.79111
2.79072
2.79032
2.78993
2.78953
2.78914
2.78874
2.78835
2.78796
2.78756
2.78717
2.78677
2.78638
2.78599
2.78559
2.7852
2.78481
2.78441
2.78402
2.78363
2.78323
2.78284
2.78245
2.78206
2.78166
2.78127
2.78088
2.78049
2.7801
2.7797
2.77931
2.77892
2.77853
2.77814
2.77775
2.77736
2.77696
2.77657
2.77618
2.77579
2.7754
2.77501
2.77462
2.77423
2.77384
2.77345
2.77306
2.77267
2.77228
2.77189
2.7715
2.77111
2.77072
2.77033
2.76994
2.76955
2.76917
2.76878
2.76839
2.768
2.76761
2.76722
2.76683
2.76645
2.76606
2.76567
2.76528
2.7649
2.76451
2.76412
2.76373
2.76335
2.76296
2.76257
2.76219
2.7618
2.76141
2.76102
2.76064
2.76025
2.75987
2.75948
2.75909
2.75871
2.75832
2.75794
2.75755
2.75716
2.75678
2.75639
2.75601
2.75562
2.75524
2.75485
2.75447
2.75408
2.7537
2.75332
2.75293
2.75255
2.75216
2.75178
2.75139
2.75101
2.75063
2.75024
2.74986
2.74948
2.74909
2.74871
2.74833
2.74794
2.74756
2.74718
2.7468
2.74641
2.74603
2.74565
2.74527
2.74489
2.7445
2.74412
2.74374
2.74336
2.74298
2.74259
2.74221
2.74183
2.74145
2.74107
2.74069
2.74031
2.73993
2.73955
2.73917
2.73879
2.73841
2.73803
2.73765
2.73727
2.73689
2.73651
2.73613
2.73575
2.73537
2.73499
2.73461
2.73423
2.73385
2.73347
2.73309
2.73271
2.73234
2.73196
2.73158
2.7312
2.73082
2.73044
2.73007
2.72969
2.72931
2.72893
2.72856
2.72818
2.7278
2.72742
2.72705
2.72667
2.72629
2.72592
2.72554
2.72516
2.72479
2.72441
2.72403
2.72366
2.72328
2.7229
2.72253
2.72215
2.72178
2.7214
2.72103
2.72065
2.72028
2.7199
2.71953
2.71915
2.71878
2.7184
2.71803
2.71765
2.71728
2.7169
2.71653
2.71615
2.71578
2.71541
2.71503
2.71466
2.71429
2.71391
2.71354
2.71317
2.71279
2.71242
2.71205
2.71167
2.7113
2.71093
2.71056
2.71018
2.70981
2.70944
2.70907
2.70869
2.70832
2.70795
2.70758
2.70721
2.70684
2.70646
2.70609
2.70572
2.70535
2.70498
2.70461
2.70424
2.70387
2.7035
2.70312
2.70275
2.70238
2.70201
2.70164
2.70127
2.7009
2.70053
2.70016
2.69979
2.69943
2.69906
2.69869
2.69832
2.69795
2.69758
2.69721
2.69684
2.69647
2.6961
2.69574
2.69537
2.695
2.69463
2.69426
2.69389
2.69353
2.69316
2.69279
2.69242
2.69206
2.69169
2.69132
2.69095
2.69059
2.69022
2.68985
2.68949
2.68912
2.68875
2.68839
2.68802
2.68765
2.68729
2.68692
2.68655
2.68619
2.68582
2.68546
2.68509
2.68473
2.68436
2.684
2.68363
2.68327
2.6829
2.68254
2.68217
2.68181
2.68144
2.68108
2.68071
2.68035
2.67998
2.67962
2.67926
2.67889
2.67853
2.67816
2.6778
2.67744
2.67707
2.67671
2.67635
2.67598
2.67562
2.67526
2.67489
2.67453
2.67417
2.67381
2.67344
2.67308
2.67272
2.67236
2.672
2.67163
2.67127
2.67091
2.67055
2.67019
2.66983
2.66946
2.6691
2.66874
2.66838
2.66802
2.66766
2.6673
2.66694
2.66658
2.66622
2.66586
2.6655
2.66514
2.66478
2.66441
2.66406
2.6637
2.66334
2.66298
2.66262
2.66226
2.6619
2.66154
2.66118
2.66082
2.66046
2.6601
2.65974
2.65938
2.65903
2.65867
2.65831
2.65795
2.65759
2.65724
2.65688
2.65652
2.65616
2.6558
2.65545
2.65509
2.65473
2.65437
2.65402
2.65366
2.6533
2.65295
2.65259
2.65223
2.65188
2.65152
2.65116
2.65081
2.65045
2.65009
2.64974
2.64938
2.64903
2.64867
2.64831
2.64796
2.6476
2.64725
2.64689
2.64654
2.64618
2.64583
2.64547
2.64512
2.64476
2.64441
2.64405
2.6437
2.64335
2.64299
2.64264
2.64228
2.64193
2.64158
2.64122
2.64087
2.64051
2.64016
2.63981
2.63945
2.6391
2.63875
2.63839
2.63804
2.63769
2.63734
2.63698
2.63663
2.63628
2.63593
2.63557
2.63522
2.63487
2.63452
2.63417
2.63381
2.63346
2.63311
2.63276
2.63241
2.63206
2.63171
2.63135
2.631
2.63065
2.6303
2.62995
2.6296
2.62925
2.6289
2.62855
2.6282
2.62785
2.6275
2.62715
2.6268
2.62645
2.6261
2.62575
2.6254
2.62505
2.6247
2.62435
2.624
2.62365
2.6233
2.62296
2.62261
2.62226
2.62191
2.62156
2.62121
2.62086
2.62052
2.62017
2.61982
2.61947
2.61912
2.61878
2.61843
2.61808
2.61773
2.61739
2.61704
2.61669
2.61634
2.616
2.61565
2.6153
2.61496
2.61461
2.61426
2.61392
2.61357
2.61322
2.61288
2.61253
2.61219
2.61184
2.61149
2.61115
2.6108
2.61046
2.61011
2.60977
2.60942
2.60908
2.60873
2.60839
2.60804
2.6077
2.60735
2.60701
2.60666
2.60632
2.60597
2.60563
2.60528
2.60494
2.6046
2.60425
2.60391
2.60356
2.60322
2.60288
2.60253
2.60219
2.60185
2.6015
2.60116
2.60082
2.60047
2.60013
2.59979
2.59945
2.5991
2.59876
2.59842
2.59808
2.59773
2.59739
2.59705
2.59671
2.59637
2.59602
2.59568
2.59534
2.595
2.59466
2.59432
2.59398
2.59364
2.59329
2.59295
2.59261
2.59227
2.59193
2.59159
2.59125
2.59091
2.59057
2.59023
2.58989
2.58955
2.58921
2.58887
2.58853
2.58819
2.58785
2.58751
2.58717
2.58683
2.58649
2.58615
2.58581
2.58547
2.58514
2.5848
2.58446
2.58412
2.58378
2.58344
2.5831
2.58277
2.58243
2.58209
2.58175
2.58141
2.58108
2.58074
2.5804
2.58006
2.57973
2.57939
2.57905
2.57871
2.57838
2.57804
2.5777
2.57737
2.57703
2.57669
2.57636
2.57602
2.57568
2.57535
2.57501
2.57467
2.57434
2.574
2.57367
2.57333
2.57299
2.57266
2.57232
2.57199
2.57165
2.57132
2.57098
2.57065
2.57031
2.56998
2.56964
2.56931
2.56897
2.56864
2.5683
2.56797
2.56763
2.5673
2.56697
2.56663
2.5663
2.56596
2.56563
2.5653
2.56496
2.56463
2.5643
2.56396
2.56363
2.5633
2.56296
2.56263
2.5623
2.56196
2.56163
2.5613
2.56097
2.56063
2.5603
2.55997
2.55964
2.5593
2.55897
2.55864
2.55831
2.55798
2.55764
2.55731
2.55698
2.55665
2.55632
2.55599
2.55566
2.55533
2.55499
2.55466
2.55433
2.554
2.55367
2.55334
2.55301
2.55268
2.55235
2.55202
2.55169
2.55136
2.55103
2.5507
2.55037
2.55004
2.54971
2.54938
2.54905
2.54872
2.54839
2.54806
2.54773
2.5474
2.54707
2.54675
2.54642
2.54609
2.54576
2.54543
2.5451
2.54477
2.54445
2.54412
2.54379
2.54346
2.54313
2.54281
2.54248
2.54215
2.54182
2.54149
2.54117
2.54084
2.54051
2.54019
2.53986
2.53953
2.5392
2.53888
2.53855
2.53822
2.5379
2.53757
2.53724
2.53692
2.53659
2.53627
2.53594
2.53561
2.53529
2.53496
2.53464
2.53431
2.53398
2.53366
2.53333
2.53301
2.53268
2.53236
2.53203
2.53171
2.53138
2.53106
2.53073
2.53041
2.53008
2.52976
2.52943
2.52911
2.52879
2.52846
2.52814
2.52781
2.52749
2.52717
2.52684
2.52652
2.52619
2.52587
2.52555
2.52522
2.5249
2.52458
2.52425
2.52393
2.52361
2.52329
2.52296
2.52264
2.52232
2.522
2.52167
2.52135
2.52103
2.52071
2.52038
2.52006
2.51974
2.51942
2.5191
2.51877
2.51845
2.51813
2.51781
2.51749
2.51717
2.51685
2.51652
2.5162
2.51588
2.51556
2.51524
2.51492
2.5146
2.51428
2.51396
2.51364
2.51332
2.513
2.51268
2.51236
2.51204
2.51172
2.5114
2.51108
2.51076
2.51044
2.51012
2.5098
2.50948
2.50916
2.50884
2.50852
2.5082
2.50788
2.50757
2.50725
2.50693
2.50661
2.50629
2.50597
2.50565
2.50534
2.50502
2.5047
2.50438
2.50406
2.50375
2.50343
2.50311
2.50279
2.50247
2.50216
2.50184
2.50152
2.5012
2.50089
2.50057
2.50025
2.49994
2.49962
2.4993
2.49899
2.49867
2.49835
2.49804
2.49772
2.4974
2.49709
2.49677
2.49646
2.49614
2.49582
2.49551
2.49519
2.49488
2.49456
2.49425
2.49393
2.49361
2.4933
2.49298
2.49267
2.49235
2.49204
2.49172
2.49141
2.4911
2.49078
2.49047
2.49015
2.48984
2.48952
2.48921
2.48889
2.48858
2.48827
2.48795
2.48764
2.48732
2.48701
2.4867
2.48638
2.48607
2.48576
2.48544
2.48513
2.48482
2.4845
2.48419
2.48388
2.48357
2.48325
2.48294
2.48263
2.48232
2.482
2.48169
2.48138
2.48107
2.48075
2.48044
2.48013
2.47982
2.47951
2.4792
2.47888
2.47857
2.47826
2.47795
2.47764
2.47733
2.47702
2.4767
2.47639
2.47608
2.47577
2.47546
2.47515
2.47484
2.47453
2.47422
2.47391
2.4736
2.47329
2.47298
2.47267
2.47236
2.47205
2.47174
2.47143
2.47112
2.47081
2.4705
2.47019
2.46988
2.46957
2.46926
2.46895
2.46864
2.46834
2.46803
2.46772
2.46741
2.4671
2.46679
2.46648
2.46617
2.46587
2.46556
2.46525
2.46494
2.46463
2.46433
2.46402
2.46371
2.4634
2.46309
2.46279
2.46248
2.46217
2.46186
2.46156
2.46125
2.46094
2.46064
2.46033
2.46002
2.45972
2.45941
2.4591
2.4588
2.45849
2.45818
2.45788
2.45757
2.45726
2.45696
2.45665
2.45635
2.45604
2.45573
2.45543
2.45512
2.45482
2.45451
2.45421
2.4539
2.4536
2.45329
2.45299
2.45268
2.45237
2.45207
2.45177
2.45146
2.45116
2.45085
2.45055
2.45024
2.44994
2.44963
2.44933
2.44903
2.44872
2.44842
2.44811
2.44781
2.44751
2.4472
2.4469
2.44659
2.44629
2.44599
2.44568
2.44538
2.44508
2.44478
2.44447
2.44417
2.44387
2.44356
2.44326
2.44296
2.44266
2.44235
2.44205
2.44175
2.44145
2.44114
2.44084
2.44054
2.44024
2.43994
2.43963
2.43933
2.43903
2.43873
2.43843
2.43813
2.43782
2.43752
2.43722
2.43692
2.43662
2.43632
2.43602
2.43572
2.43542
2.43512
2.43481
2.43451
2.43421
2.43391
2.43361
2.43331
2.43301
2.43271
2.43241
2.43211
2.43181
2.43151
2.43121
2.43091
2.43061
2.43031
2.43001
2.42972
2.42942
2.42912
2.42882
2.42852
2.42822
2.42792
2.42762
2.42732
2.42702
2.42673
2.42643
2.42613
2.42583
2.42553
2.42523
2.42494
2.42464
2.42434
2.42404
2.42374
2.42345
2.42315
2.42285
2.42255
2.42226
2.42196
2.42166
2.42136
2.42107
2.42077
2.42047
2.42017
2.41988
2.41958
2.41928
2.41899
2.41869
2.41839
2.4181
2.4178
2.4175
2.41721
2.41691
2.41662
2.41632
2.41602
2.41573
2.41543
2.41514
2.41484
2.41454
2.41425
2.41395
2.41366
2.41336
2.41307
2.41277
2.41248
2.41218
2.41189
2.41159
2.4113
2.411
2.41071
2.41041
2.41012
2.40982
2.40953
2.40924
2.40894
2.40865
2.40835
2.40806
2.40776
2.40747
2.40718
2.40688
2.40659
2.4063
2.406
2.40571
2.40542
2.40512
2.40483
2.40454
2.40424
2.40395
2.40366
2.40336
2.40307
2.40278
2.40249
2.40219
2.4019
2.40161
2.40131
2.40102
2.40073
2.40044
2.40015
2.39985
2.39956
2.39927
2.39898
2.39869
2.39839
2.3981
2.39781
2.39752
2.39723
2.39694
2.39665
2.39635
2.39606
2.39577
2.39548
2.39519
2.3949
2.39461
2.39432
2.39403
2.39374
2.39345
2.39316
2.39287
2.39258
2.39229
2.392
2.39171
2.39142
2.39113
2.39084
2.39055
2.39026
2.38997
2.38968
2.38939
2.3891
2.38881
2.38852
2.38823
2.38794
2.38765
2.38736
2.38707
2.38678
2.3865
2.38621
2.38592
2.38563
2.38534
2.38505
2.38476
2.38448
2.38419
2.3839
2.38361
2.38332
2.38304
2.38275
2.38246
2.38217
2.38188
2.3816
2.38131
2.38102
2.38073
2.38045
2.38016
2.37987
2.37959
2.3793
2.37901
2.37872
2.37844
2.37815
2.37786
2.37758
2.37729
2.377
2.37672
2.37643
2.37614
2.37586
2.37557
2.37529
2.375
2.37471
2.37443
2.37414
2.37386
2.37357
2.37329
2.373
2.37271
2.37243
2.37214
2.37186
2.37157
2.37129
2.371
2.37072
2.37043
2.37015
2.36986
2.36958
2.36929
2.36901
2.36872
2.36844
2.36816
2.36787
2.36759
2.3673
2.36702
2.36673
2.36645
2.36617
2.36588
2.3656
2.36532
2.36503
2.36475
2.36446
2.36418
2.3639
2.36361
2.36333
2.36305
2.36277
2.36248
2.3622
2.36192
2.36163
2.36135
2.36107
2.36079
2.3605
2.36022
2.35994
2.35966
2.35937
2.35909
2.35881
2.35853
2.35824
2.35796
2.35768
2.3574
2.35712
2.35684
2.35655
2.35627
2.35599
2.35571
2.35543
2.35515
2.35487
2.35458
2.3543
2.35402
2.35374
2.35346
2.35318
2.3529
2.35262
2.35234
2.35206
2.35178
2.3515
2.35122
2.35094
2.35066
2.35038
2.3501
2.34982
2.34954
2.34926
2.34898
2.3487
2.34842
2.34814
2.34786
2.34758
2.3473
2.34702
2.34674
2.34646
2.34618
2.3459
2.34562
2.34534
2.34507
2.34479
2.34451
2.34423
2.34395
2.34367
2.34339
2.34312
2.34284
2.34256
2.34228
2.342
2.34172
2.34145
2.34117
2.34089
2.34061
2.34033
2.34006
2.33978
2.3395
2.33922
2.33895
2.33867
2.33839
2.33811
2.33784
2.33756
2.33728
2.33701
2.33673
2.33645
2.33618
2.3359
2.33562
2.33535
2.33507
2.33479
2.33452
2.33424
2.33396
2.33369
2.33341
2.33314
2.33286
2.33258
2.33231
2.33203
2.33176
2.33148
2.33121
2.33093
2.33065
2.33038
2.3301
2.32983
2.32955
2.32928
2.329
2.32873
2.32845
2.32818
2.3279
2.32763
2.32735
2.32708
2.32681
2.32653
2.32626
2.32598
2.32571
2.32543
2.32516
2.32489
2.32461
2.32434
2.32406
2.32379
2.32352
2.32324
2.32297
2.32269
2.32242
2.32215
2.32187
2.3216
2.32133
2.32105
2.32078
2.32051
2.32024
2.31996
2.31969
2.31942
2.31914
2.31887
2.3186
2.31833
2.31805
2.31778
2.31751
2.31724
2.31696
2.31669
2.31642
2.31615
2.31588
2.3156
2.31533
2.31506
2.31479
2.31452
2.31425
2.31397
2.3137
2.31343
2.31316
2.31289
2.31262
2.31235
2.31207
2.3118
2.31153
2.31126
2.31099
2.31072
2.31045
2.31018
2.30991
2.30964
2.30937
2.3091
2.30883
2.30856
2.30829
2.30802
2.30775
2.30748
2.30721
2.30694
2.30667
2.3064
2.30613
2.30586
2.30559
2.30532
2.30505
2.30478
2.30451
2.30424
2.30397
2.3037
2.30343
2.30316
2.3029
2.30263
2.30236
2.30209
2.30182
2.30155
2.30128
2.30102
2.30075
2.30048
2.30021
2.29994
2.29967
2.29941
2.29914
2.29887
2.2986
2.29833
2.29807
2.2978
2.29753
2.29726
2.297
2.29673
2.29646
2.29619
2.29593
2.29566
2.29539
2.29512
2.29486
2.29459
2.29432
2.29406
2.29379
2.29352
2.29326
2.29299
2.29272
2.29246
2.29219
2.29192
2.29166
2.29139
2.29112
2.29086
2.29059
2.29033
2.29006
2.28979
2.28953
2.28926
2.289
2.28873
2.28847
2.2882
2.28794
2.28767
2.2874
2.28714
2.28687
2.28661
2.28634
2.28608
2.28581
2.28555
2.28528
2.28502
2.28475
2.28449
2.28423
2.28396
2.2837
2.28343
2.28317
2.2829
2.28264
2.28237
2.28211
2.28185
2.28158
2.28132
2.28105
2.28079
2.28053
2.28026
2.28
2.27974
2.27947
2.27921
2.27895
2.27868
2.27842
2.27816
2.27789
2.27763
2.27737
2.2771
2.27684
2.27658
2.27632
2.27605
2.27579
2.27553
2.27527
2.275
2.27474
2.27448
2.27422
2.27395
2.27369
2.27343
2.27317
2.27291
2.27264
2.27238
2.27212
2.27186
2.2716
2.27133
2.27107
2.27081
2.27055
2.27029
2.27003
2.26977
2.26951
2.26924
2.26898
2.26872
2.26846
2.2682
2.26794
2.26768
2.26742
2.26716
2.2669
2.26664
2.26638
2.26612
2.26585
2.26559
2.26533
2.26507
2.26481
2.26455
2.26429
2.26403
2.26377
2.26351
2.26325
2.26299
2.26274
2.26248
2.26222
2.26196
2.2617
2.26144
2.26118
2.26092
2.26066
2.2604
2.26014
2.25988
2.25962
2.25937
2.25911
2.25885
2.25859
2.25833
2.25807
2.25781
2.25756
2.2573
2.25704
2.25678
2.25652
2.25626
2.25601
2.25575
2.25549
2.25523
2.25497
2.25472
2.25446
2.2542
2.25394
2.25369
2.25343
2.25317
2.25291
2.25266
2.2524
2.25214
2.25188
2.25163
2.25137
2.25111
2.25086
2.2506
2.25034
2.25009
2.24983
2.24957
2.24932
2.24906
2.2488
2.24855
2.24829
2.24803
2.24778
2.24752
2.24727
2.24701
2.24675
2.2465
2.24624
2.24599
2.24573
2.24547
2.24522
2.24496
2.24471
2.24445
2.2442
2.24394
2.24369
2.24343
2.24318
2.24292
2.24267
2.24241
2.24216
2.2419
2.24165
2.24139
2.24114
2.24088
2.24063
2.24037
2.24012
2.23986
2.23961
2.23936
2.2391
2.23885
2.23859
2.23834
2.23808
2.23783
2.23758
2.23732
2.23707
2.23682
2.23656
2.23631
2.23605
2.2358
2.23555
2.23529
2.23504
2.23479
2.23453
2.23428
2.23403
2.23378
2.23352
2.23327
2.23302
2.23276
2.23251
2.23226
2.23201
2.23175
2.2315
2.23125
2.231
2.23074
2.23049
2.23024
2.22999
2.22973
2.22948
2.22923
2.22898
2.22873
2.22847
2.22822
2.22797
2.22772
2.22747
2.22722
2.22696
2.22671
2.22646
2.22621
2.22596
2.22571
2.22546
2.22521
2.22495
2.2247
2.22445
2.2242
2.22395
2.2237
2.22345
2.2232
2.22295
2.2227
2.22245
2.2222
2.22195
2.2217
2.22145
2.2212
2.22095
2.2207
2.22045
2.2202
2.21995
2.2197
2.21945
2.2192
2.21895
2.2187
2.21845
2.2182
2.21795
2.2177
2.21745
2.2172
2.21695
2.2167
2.21645
2.2162
2.21596
2.21571
2.21546
2.21521
2.21496
2.21471
2.21446
2.21421
2.21396
2.21372
2.21347
2.21322
2.21297
2.21272
2.21247
2.21223
2.21198
2.21173
2.21148
2.21123
2.21099
2.21074
2.21049
2.21024
2.21
2.20975
2.2095
2.20925
2.20901
2.20876
2.20851
2.20826
2.20802
2.20777
2.20752
2.20727
2.20703
2.20678
2.20653
2.20629
2.20604
2.20579
2.20555
2.2053
2.20505
2.20481
2.20456
2.20431
2.20407
2.20382
2.20358
2.20333
2.20308
2.20284
2.20259
2.20235
2.2021
2.20185
2.20161
2.20136
2.20112
2.20087
2.20062
2.20038
2.20013
2.19989
2.19964
2.1994
2.19915
2.19891
2.19866
2.19842
2.19817
2.19793
2.19768
2.19744
2.19719
2.19695
2.1967
2.19646
2.19621
2.19597
2.19572
2.19548
2.19524
2.19499
2.19475
2.1945
2.19426
2.19401
2.19377
2.19353
2.19328
2.19304
2.1928
2.19255
2.19231
2.19206
2.19182
2.19158
2.19133
2.19109
2.19085
2.1906
2.19036
2.19012
2.18987
2.18963
2.18939
2.18914
2.1889
2.18866
2.18842
2.18817
2.18793
2.18769
2.18744
2.1872
2.18696
2.18672
2.18647
2.18623
2.18599
2.18575
2.18551
2.18526
2.18502
2.18478
2.18454
2.18429
2.18405
2.18381
2.18357
2.18333
2.18309
2.18284
2.1826
2.18236
2.18212
2.18188
2.18164
2.1814
2.18115
2.18091
2.18067
2.18043
2.18019
2.17995
2.17971
2.17947
2.17923
2.17899
2.17875
2.1785
2.17826
2.17802
2.17778
2.17754
2.1773
2.17706
2.17682
2.17658
2.17634
2.1761
2.17586
2.17562
2.17538
2.17514
2.1749
2.17466
2.17442
2.17418
2.17394
2.1737
2.17346
2.17322
2.17298
2.17274
2.1725
2.17227
2.17203
2.17179
2.17155
2.17131
2.17107
2.17083
2.17059
2.17035
2.17011
2.16988
2.16964
2.1694
2.16916
2.16892
2.16868
2.16844
2.16821
2.16797
2.16773
2.16749
2.16725
2.16701
2.16678
2.16654
2.1663
2.16606
2.16582
2.16559
2.16535
2.16511
2.16487
2.16464
2.1644
2.16416
2.16392
2.16369
2.16345
2.16321
2.16297
2.16274
2.1625
2.16226
2.16203
2.16179
2.16155
2.16132
2.16108
2.16084
2.1606
2.16037
2.16013
2.15989
2.15966
2.15942
2.15919
2.15895
2.15871
2.15848
2.15824
2.158
2.15777
2.15753
2.1573
2.15706
2.15682
2.15659
2.15635
2.15612
2.15588
2.15565
2.15541
2.15517
2.15494
2.1547
2.15447
2.15423
2.154
2.15376
2.15353
2.15329
2.15306
2.15282
2.15259
2.15235
2.15212
2.15188
2.15165
2.15141
2.15118
2.15094
2.15071
2.15047
2.15024
2.15001
2.14977
2.14954
2.1493
2.14907
2.14883
2.1486
2.14837
2.14813
2.1479
2.14766
2.14743
2.1472
2.14696
2.14673
2.1465
2.14626
2.14603
2.14579
2.14556
2.14533
2.14509
2.14486
2.14463
2.14439
2.14416
2.14393
2.1437
2.14346
2.14323
2.143
2.14276
2.14253
2.1423
2.14207
2.14183
2.1416
2.14137
2.14114
2.1409
2.14067
2.14044
2.14021
2.13997
2.13974
2.13951
2.13928
2.13905
2.13881
2.13858
2.13835
2.13812
2.13789
2.13765
2.13742
2.13719
2.13696
2.13673
2.1365
2.13627
2.13603
2.1358
2.13557
2.13534
2.13511
2.13488
2.13465
2.13442
2.13418
2.13395
2.13372
2.13349
2.13326
2.13303
2.1328
2.13257
2.13234
2.13211
2.13188
2.13165
2.13142
2.13119
2.13096
2.13073
2.1305
2.13027
2.13004
2.12981
2.12958
2.12935
2.12912
2.12889
2.12866
2.12843
2.1282
2.12797
2.12774
2.12751
2.12728
2.12705
2.12682
2.12659
2.12636
2.12613
2.1259
2.12567
2.12544
2.12522
2.12499
2.12476
2.12453
2.1243
2.12407
2.12384
2.12361
2.12338
2.12316
2.12293
2.1227
2.12247
2.12224
2.12201
2.12179
2.12156
2.12133
2.1211
2.12087
2.12065
2.12042
2.12019
2.11996
2.11973
2.11951
2.11928
2.11905
2.11882
2.11859
2.11837
2.11814
2.11791
2.11768
2.11746
2.11723
2.117
2.11678
2.11655
2.11632
2.11609
2.11587
2.11564
2.11541
2.11519
2.11496
2.11473
2.11451
2.11428
2.11405
2.11383
2.1136
2.11337
2.11315
2.11292
2.11269
2.11247
2.11224
2.11202
2.11179
2.11156
2.11134
2.11111
2.11089
2.11066
2.11043
2.11021
2.10998
2.10976
2.10953
2.1093
2.10908
2.10885
2.10863
2.1084
2.10818
2.10795
2.10773
2.1075
2.10728
2.10705
2.10683
2.1066
2.10638
2.10615
2.10593
2.1057
2.10548
2.10525
2.10503
2.1048
2.10458
2.10435
2.10413
2.1039
2.10368
2.10346
2.10323
2.10301
2.10278
2.10256
2.10233
2.10211
2.10189
2.10166
2.10144
2.10121
2.10099
2.10077
2.10054
2.10032
2.1001
2.09987
2.09965
2.09943
2.0992
2.09898
2.09875
2.09853
2.09831
2.09809
2.09786
2.09764
2.09742
2.09719
2.09697
2.09675
2.09652
2.0963
2.09608
2.09586
2.09563
2.09541
2.09519
2.09496
2.09474
2.09452
2.0943
2.09408
2.09385
2.09363
2.09341
2.09319
2.09296
2.09274
2.09252
2.0923
2.09208
2.09185
2.09163
2.09141
2.09119
2.09097
2.09075
2.09052
2.0903
2.09008
2.08986
2.08964
2.08942
2.0892
2.08897
2.08875
2.08853
2.08831
2.08809
2.08787
2.08765
2.08743
2.0872
2.08698
2.08676
2.08654
2.08632
2.0861
2.08588
2.08566
2.08544
2.08522
2.085
2.08478
2.08456
2.08434
2.08412
2.0839
2.08368
2.08346
2.08324
2.08302
2.0828
2.08258
2.08236
2.08214
2.08192
2.0817
2.08148
2.08126
2.08104
2.08082
2.0806
2.08038
2.08016
2.07994
2.07972
2.0795
2.07928
2.07906
2.07884
2.07863
2.07841
2.07819
2.07797
2.07775
2.07753
2.07731
2.07709
2.07687
2.07666
2.07644
2.07622
2.076
2.07578
2.07556
2.07534
2.07513
2.07491
2.07469
2.07447
2.07425
2.07404
2.07382
2.0736
2.07338
2.07316
2.07295
2.07273
2.07251
2.07229
2.07207
2.07186
2.07164
2.07142
2.0712
2.07099
2.07077
2.07055
2.07033
2.07012
2.0699
2.06968
2.06946
2.06925
2.06903
2.06881
2.0686
2.06838
2.06816
2.06795
2.06773
2.06751
2.0673
2.06708
2.06686
2.06665
2.06643
2.06621
2.066
2.06578
2.06556
2.06535
2.06513
2.06491
2.0647
2.06448
2.06427
2.06405
2.06383
2.06362
2.0634
2.06319
2.06297
2.06275
2.06254
2.06232
2.06211
2.06189
2.06168
2.06146
2.06125
2.06103
2.06082
2.0606
2.06038
2.06017
2.05995
2.05974
2.05952
2.05931
2.05909
2.05888
2.05866
2.05845
2.05823
2.05802
2.0578
2.05759
2.05738
2.05716
2.05695
2.05673
2.05652
2.0563
2.05609
2.05587
2.05566
2.05545
2.05523
2.05502
2.0548
2.05459
2.05437
2.05416
2.05395
2.05373
2.05352
2.05331
2.05309
2.05288
2.05266
2.05245
2.05224
2.05202
2.05181
2.0516
2.05138
2.05117
2.05096
2.05074
2.05053
2.05032
2.0501
2.04989
2.04968
2.04946
2.04925
2.04904
2.04883
2.04861
2.0484
2.04819
2.04798
2.04776
2.04755
2.04734
2.04712
2.04691
2.0467
2.04649
2.04628
2.04606
2.04585
2.04564
2.04543
2.04521
2.045
2.04479
2.04458
2.04437
2.04415
2.04394
2.04373
2.04352
2.04331
2.0431
2.04288
2.04267
2.04246
2.04225
2.04204
2.04183
2.04162
2.0414
2.04119
2.04098
2.04077
2.04056
2.04035
2.04014
2.03993
2.03971
2.0395
2.03929
2.03908
2.03887
2.03866
2.03845
2.03824
2.03803
2.03782
2.03761
2.0374
2.03719
2.03698
2.03677
2.03656
2.03634
2.03613
2.03592
2.03571
2.0355
2.03529
2.03508
2.03487
2.03466
2.03445
2.03424
2.03403
2.03382
2.03362
2.03341
2.0332
2.03299
2.03278
2.03257
2.03236
2.03215
2.03194
2.03173
2.03152
2.03131
2.0311
2.03089
2.03068
2.03047
2.03027
2.03006
2.02985
2.02964
2.02943
2.02922
2.02901
2.0288
2.02859
2.02839
2.02818
2.02797
2.02776
2.02755
2.02734
2.02714
2.02693
2.02672
2.02651
2.0263
2.02609
2.02589
2.02568
2.02547
2.02526
2.02505
2.02485
2.02464
2.02443
2.02422
2.02401
2.02381
2.0236
2.02339
2.02318
2.02298
2.02277
2.02256
2.02235
2.02215
2.02194
2.02173
2.02153
2.02132
2.02111
2.0209
2.0207
2.02049
2.02028
2.02008
2.01987
2.01966
2.01946
2.01925
2.01904
2.01884
2.01863
2.01842
2.01822
2.01801
2.0178
2.0176
2.01739
2.01718
2.01698
2.01677
2.01656
2.01636
2.01615
2.01595
2.01574
2.01553
2.01533
2.01512
2.01492
2.01471
2.0145
2.0143
2.01409
2.01389
2.01368
2.01348
2.01327
2.01307
2.01286
2.01265
2.01245
2.01224
2.01204
2.01183
2.01163
2.01142
2.01122
2.01101
2.01081
2.0106
2.0104
2.01019
2.00999
2.00978
2.00958
2.00937
2.00917
2.00896
2.00876
2.00855
2.00835
2.00815
2.00794
2.00774
2.00753
2.00733
2.00712
2.00692
2.00672
2.00651
2.00631
2.0061
2.0059
2.0057
2.00549
2.00529
2.00508
2.00488
2.00468
2.00447
2.00427
2.00406
2.00386
2.00366
2.00345
2.00325
2.00305
2.00284
2.00264
2.00244
2.00223
2.00203
2.00183
2.00162
2.00142
2.00122
2.00101
2.00081
2.00061
2.00041
2.0002
2
