 1  1  67  56
 1  2  54  28
 1  3  49  25
 1  4  28  12
 1  5  32  14
 1  6  11  11
 1  7  26   0
 1  8  24  13
 1  9  32  13
 1 10  56   0
 1 11  57   0
 1 12  58  16
 1 13  59  54
 1 14  68  45
 1 15  78  46
 1 16  69  25
 1 17  56  29
 1 18  52  26
 1 19  30  18
 1 20  33  20
 1 21  26  15
 1 22  14   0
 1 23  22   0
 1 24  37   0
 1 25  32   0
 1 26  38   0
 1 27  33  33
 1 28  24  24
 1 29  15  15
 1 30  19  14
 1 31  11   0
 2  1  11   0
 2  2  11   0
 2  3 999 999
 2  4   0   0
 2  5  29  12
 2  6  36  36
 2  7  30  30
 2  8  31  31
 2  9  12  12
 2 10  23   0
 2 11   0   0
 2 12  13   0
 2 13  18   0
 2 14  31   0
 2 15  38   0
 2 16  41  24
 2 17  45  32
 2 18  64  52
 2 19  50  47
 2 20  48  48
 2 21  29   0
 2 22  26   0
 2 23  28   0
 2 24  20   0
 2 25   0   0
 2 26   0   0
 2 27   0   0
 2 28   0   0
 2 29   0   0
 3  1   0   0
 3  2   0   0
 3  3   0   0
 3  4   0   0
 3  5   0   0
 3  6  11   0
 3  7  12   0
 3  8  16   0
 3  9  18   0
 3 10  30  11
 3 11  22  11
 3 12  30  11
 3 13  23   0
 3 14  28   0
 3 15  22  22
 3 16  14  14
 3 17  18  18
 3 18  11  11
 3 19  14   0
 3 20  11   0
 3 21 999 999
 3 22   0   0
 3 23   0   0
 3 24   0   0
 3 25  26  15
 3 26  37  21
 3 27  53  35
 3 28  84  53
 3 29 103  76
 3 30  81  35
 3 31  71  31
 4  1  47   0
 4  2  24   0
 4  3  22   0
 4  4  34   0
 4  5  40   0
 4  6  31   0
 4  7  25  25
 4  8  44  38
 4  9  40  25
 4 10  35  18
 4 11  62   0
 4 12  32   0
 4 13  28   0
 4 14  20   0
 4 15   0   0
 4 16   0   0
 4 17   0   0
 4 18  21  21
 4 19  33  33
 4 20  53  45
 4 21  68  23
 4 22  51  11
 4 23  46   0
 4 24  42   0
 4 25  18  13
 4 26  16  16
 4 27  20  20
 4 28  21  15
 4 29  34   0
 4 30  34   0
 5  1  33   0
 5  2  20   0
 5  3   0   0
 5  4  32  13
 5  5  34  11
 5  6  41   0
 5  7  36   0
 5  8  19   0
 5  9  12   0
 5 10   0   0
 5 11   0   0
 5 12   0   0
 5 13   0   0
 5 14   0   0
 5 15  14   0
 5 16  13   0
 5 17  12   0
 5 18  18   0
 5 19  24  24
 5 20  34  29
 5 21  27  27
 5 22  32  20
 5 23  33   0
 5 24  43  14
 5 25  19   0
 5 26  14  14
 5 27  41  23
 5 28  68  22
 5 29  65  19
 5 30  42   0
 5 31  17   0
 6  1  16   0
 6  2  21   0
 6  3  15   0
 6  4  11   0
 6  5   0   0
 6  6   0   0
 6  7   0   0
 6  8  11  11
 6  9  11   0
 6 10  19   0
 6 11  14   0
 6 12  17  17
 6 13  23  23
 6 14  19  19
 6 15  42  30
 6 16  43  12
 6 17  54  28
 6 18  56  30
 6 19  66  29
 6 20  60  20
 6 21  61  11
 6 22  65  25
 6 23  68  18
 6 24  65  14
 6 25  49  25
 6 26  56  18
 6 27  56  24
 6 28  52  37
 6 29  55  28
 6 30  55  50
 7  1  50  32
 7  2  45  20
 7  3  40  20
 7  4  33  11
 7  5  31  11
 7  6  15   0
 7  7  12   0
 7  8  12   0
 7  9  45  18
 7 10  53  15
 7 11  52  13
 7 12  62  12
 7 13  68  55
 7 14  81  57
 7 15  86  74
 7 16  79  66
 7 17  65   0
 7 18  46  22
 7 19  26   0
 7 20  35   0
 7 21  24   0
 7 22  12   0
 7 23  12   0
 7 24  12  11
 7 25  14  14
 7 26  12  12
 7 27  24  12
 7 28  30  11
 7 29  26   0
 7 30  35   0
 7 31  54  35
 8  1  59  38
 8  2  41  39
 8  3  47  33
 8  4  43  14
 8  5  50  13
 8  6  43  11
 8  7  53  22
 8  8  58  11
 8  9  66  22
 8 10  61  35
 8 11  50  26
 8 12  53  53
 8 13  66  66
 8 14  62  51
 8 15  60  26
 8 16  62  14
 8 17  46   0
 8 18  44  11
 8 19  34   0
 8 20  29  11
 8 21  29  16
 8 22  34  12
 8 23  62  12
 8 24  66  40
 8 25  67  39
 8 26  59  35
 8 27  79  52
 8 28  82  41
 8 29  95  25
 8 30  86  11
 8 31 102  55
 9  1  99  59
 9  2  84  64
 9  3  64  51
 9  4  33  11
 9  5  39   0
 9  6  40   0
 9  7  35   0
 9  8  12  12
 9  9  22  22
 9 10  20  17
 9 11  14  14
 9 12   0   0
 9 13   0   0
 9 14   0   0
 9 15   0   0
 9 16  11   0
 9 17  14   0
 9 18  21   0
 9 19  25   0
 9 20  27  16
 9 21  39  15
 9 22  35   0
 9 23  43  12
 9 24  54  16
 9 25  46  37
 9 26  48  24
 9 27  43  36
 9 28  41  34
 9 29  35  27
 9 30  23  11
10  1  16  10
10  2  21   0
10  3  16   0
10  4  37  25
10  5  41  16
10  6  32  10
10  7  36   0
10  8  26  20
10  9  24  24
10 10  21  21
10 11  15  15
10 12  22  22
10 13  18   0
10 14  13   0
10 15  13   0
10 16  11   0
10 17   0   0
10 18   0   0
10 19   0   0
10 20  19   0
10 21  26   0
10 22  39   0
10 23  40  34
10 24  39  39
10 25  44  44
10 26  52  44
10 27  62  43
10 28  41   0
10 29  40   0
10 30  49  25
10 31  39  24
11  1  21  21
11  2  16  16
11  3  15   0
11  4 999 999
11  5  12   0
11  6  17   0
11  7  38  18
11  8  39  29
11  9  33  12
11 10  38  13
11 11  30  11
11 12  21   0
11 13  11   0
11 14  31   0
11 15  24   0
11 16  17   0
11 17  32   0
11 18  29   0
11 19  44   0
11 20  45  45
11 21  44  44
11 22  55  55
11 23  26  26
11 24  30   0
11 25  21   0
11 26  22   0
11 27 999 999
11 28   0   0
11 29   0   0
11 30   0   0
12  1  13   0
12  2  13   0
12  3  12   0
12  4  12  12
12  5 999 999
12  6  36  14
12  7  43  13
12  8  44  14
12  9  47  36
12 10  21  21
12 11  22  22
12 12  43  17
12 13  45   0
12 14  58   0
12 15  68   0
12 16  71  33
12 17  80  40
12 18  69  69
12 19  66  66
12 20  56  55
12 21  38  11
12 22  35  12
12 23  25   0
12 24  28   0
12 25  13   0
12 26  25  12
12 27  12   0
12 28   0   0
12 29   0   0
12 30   0   0
12 31  16   0
