 1  1 276  65
 1  2 281  82
 1  3 255  71
 1  4 271  92
 1  5 279 117
 1  6 241 119
 1  7 274 115
 1  8 273 108
 1  9 252 101
 1 10 340 132
 1 11 345 141
 1 12 336 133
 1 13 354 153
 1 14 313 118
 1 15 330 128
 1 16 340 126
 1 17 369 128
 1 18 302  83
 1 19 281  36
 1 20 271  47
 1 21 256  94
 1 22 258 100
 1 23 242  55
 1 24 204  66
 1 25 218  68
 1 26 219 100
 1 27 238 130
 1 28 186  73
 1 29 181  68
 1 30 142  51
 1 31 176  66
 2  1 179  60
 2  2 211  52
 2  3 213  53
 2  4 200  62
 2  5 243  72
 2  6 228 100
 2  7 289 180
 2  8 256 170
 2  9 246 126
 2 10 231 104
 2 11 206  76
 2 12 209  97
 2 13 204  74
 2 14 181  48
 2 15 175  31
 2 16 171  22
 2 17 175  56
 2 18 162  31
 2 19 163  59
 2 20 173  78
 2 21 191 124
 2 22 219 175
 2 23 214 135
 2 24 160  99
 2 25 215  83
 2 26 195  43
 2 27 182  49
 2 28 169  25
 3  1 135  41
 3  2 145  40
 3  3 234  33
 3  4 214   8
 3  5 207  42
 3  6 245 102
 3  7 273 132
 3  8 277 133
 3  9 254 102
 3 10 237  15
 3 11 226  69
 3 12 185  72
 3 13 198 111
 3 14 187  68
 3 15 183  24
 3 16 213  13
 3 17 229  57
 3 18 197  61
 3 19 211  68
 3 20 208  30
 3 21 178  44
 3 22 195  65
 3 23 218  58
 3 24 250  33
 3 25 237  30
 3 26 227  39
 3 27 255 121
 3 28 276 144
 3 29 300 193
 3 30 380 170
 3 31 348 155
 4  1 324  77
 4  2 335  71
 4  3 332 120
 4  4 362 124
 4  5 304  90
 4  6 334  60
 4  7 351 105
 4  8 303 140
 4  9 282 118
 4 10 251  75
 4 11 210  90
 4 12 169  43
 4 13 169  65
 4 14 149  72
 4 15 133  55
 4 16 126  27
 4 17 180  10
 4 18 199  41
 4 19 233  94
 4 20 214  90
 4 21 222  79
 4 22 236  68
 4 23 237  50
 4 24 240 115
 4 25 255 109
 4 26 212  90
 4 27 217  96
 4 28 201  53
 4 29 212  35
 4 30 207  96
 5  1 271 155
 5  2 288 164
 5  3 299 155
 5  4 283  85
 5  5 300  73
 5  6 247  52
 5  7 272 110
 5  8 204  68
 5  9 202  51
 5 10 223  66
 5 11 202  60
 5 12 226  52
 5 13 180  37
 5 14 140  59
 5 15 132  68
 5 16 142  74
 5 17 147  76
 5 18 131  33
 5 19 163  67
 5 20 156  46
 5 21 199  59
 5 22 216  69
 5 23 204  86
 5 24 250  92
 5 25 233  67
 5 26 216  64
 5 27 232  88
 5 28 208  80
 5 29 232  80
 5 30 245 115
 5 31 229  89
 6  1 234  69
 6  2 189  59
 6  3 213  71
 6  4 253  63
 6  5 270  68
 6  6 262  32
 6  7 215  17
 6  8 208  30
 6  9 228  93
 6 10 234 115
 6 11 230 102
 6 12 278  88
 6 13 226  28
 6 14 217  24
 6 15 131   9
 6 16 111  37
 6 17 111  59
 6 18 136  76
 6 19 130  72
 6 20 134  29
 6 21 157  43
 6 22 181  33
 6 23 242  86
 6 24 235 104
 6 25 247 126
 6 26 302 120
 6 27 266  78
 6 28 229 125
 6 29 215 116
 6 30 168  78
 7  1 191  76
 7  2 196  47
 7  3 245  87
 7  4 252 146
 7  5 281 187
 7  6 291 176
 7  7 239 124
 7  8 227  71
 7  9 219  20
 7 10 217  37
 7 11 194  27
 7 12 174  40
 7 13 189  56
 7 14 167  60
 7 15 168  36
 7 16 181  68
 7 17 202  88
 7 18 199 100
 7 19 222 121
 7 20 237 101
 7 21 300  82
 7 22 266  78
 7 23 225  53
 7 24 251  66
 7 25 227 108
 7 26 222 152
 7 27 218 128
 7 28 271  98
 7 29 298  91
 7 30 340 126
 7 31 329 127
 8  1 338 167
 8  2 306 193
 8  3 305 168
 8  4 261  82
 8  5 259  69
 8  6 273  54
 8  7 297  75
 8  8 260  97
 8  9 293  64
 8 10 295  72
 8 11 307 116
 8 12 268  78
 8 13 275  83
 8 14 229  74
 8 15 222  32
 8 16 245  33
 8 17 222  56
 8 18 220  54
 8 19 200  66
 8 20 187 122
 8 21 198  91
 8 22 233 115
 8 23 250 146
 8 24 243 118
 8 25 267  93
 8 26 223  52
 8 27 212  43
 8 28 245  42
 8 29 238  77
 8 30 243 151
 8 31 262 190
 9  1 243 190
 9  2 284 206
 9  3 269  60
 9  4 286  28
 9  5 266  32
 9  6 266  47
 9  7 265 107
 9  8 221 113
 9  9 215 140
 9 10 301 124
 9 11 338  98
 9 12 338  93
 9 13 336 133
 9 14 343 122
 9 15 270 109
 9 16 237  92
 9 17 258  84
 9 18 238  85
 9 19 201 108
 9 20 171  83
 9 21 188  81
 9 22 202  64
 9 23 190  51
 9 24 217  54
 9 25 179  67
 9 26 209  46
 9 27 208  74
 9 28 236 111
 9 29 276 162
 9 30 261 139
10  1 266 113
10  2 280  82
10  3 279  62
10  4 224  89
10  5 197  87
10  6 179  58
10  7 146  30
10  8 122  40
10  9 124  77
10 10 143  63
10 11 174  73
10 12 179  62
10 13 158  34
10 14 172  33
10 15 194  32
10 16 263 117
10 17 282 149
10 18 292 144
10 19 260 117
10 20 271 106
10 21 279 109
10 22 267 121
10 23 297 105
10 24 253 127
10 25 248 107
10 26 221  91
10 27 186  45
10 28 223  47
10 29 250  85
10 30 249  68
10 31 292  79
11  1 259 127
11  2 266 153
11  3 254 135
11  4 242 116
11  5 168  86
11  6 147  13
11  7 131  14
11  8 146   8
11  9 112   0
11 10  97   1
11 11  95   9
11 12 119  51
11 13 108  37
11 14 101  36
11 15 118  48
11 16 124  51
11 17  92  63
11 18  91  40
11 19 108  67
11 20 104  56
11 21 131  48
11 22 154  79
11 23 145  95
11 24 241 122
11 25 263 116
11 26 274 127
11 27 261 114
11 28 280 112
11 29 338 167
11 30 299 142
12  1 299 139
12  2 312 131
12  3 271 108
12  4 282 135
12  5 266 124
12  6 248 105
12  7 304 106
12  8 282  80
12  9 300  82
12 10 292 153
12 11 302 200
12 12 283 181
12 13 256 181
12 14 229 127
12 15 209  73
12 16 172  72
12 17 152  46
12 18 121  29
12 19 108   9
12 20  94  24
12 21 126  33
12 22 144  56
12 23 155  68
12 24 202  68
12 25 216  48
12 26 237  95
12 27 240 125
12 28 257 120
12 29 226 139
12 30 217 112
12 31 211  41
