 1  1  28   9
 1  2  36  19
 1  3  45  26
 1  4  42  29
 1  5  20  12
 1  6   0   0
 1  7   9   0
 1  8   4   0
 1  9   0   0
 1 10  12   0
 1 11  17   0
 1 12  19   0
 1 13  16   0
 1 14  34  29
 1 15  38  38
 1 16  38  35
 1 17  47  37
 1 18  24   0
 1 19  22   0
 1 20  21   0
 1 21  17   0
 1 22   4   0
 1 23  16   0
 1 24  16   0
 1 25  21  21
 1 26   9   9
 1 27  12   4
 1 28  30  21
 1 29  28   0
 1 30  19   0
 1 31  21   0
 2  1  32   0
 2  2  24   0
 2  3  46   0
 2  4  56  27
 2  5  52  46
 2  6  64  31
 2  7  63  45
 2  8  52  26
 2  9  44   8
 2 10  32   8
 2 11  29  16
 2 12  15  15
 2 13  15  15
 2 14  18   0
 2 15  14   0
 2 16  31   0
 2 17  28   0
 2 18  26   0
 2 19  27  10
 2 20  26  21
 2 21  32  32
 2 22  22  22
 2 23  30  18
 2 24  19   0
 2 25  24   0
 2 26  17   2
 2 27  21  21
 2 28   4   0
 3  1   0   0
 3  2   0   0
 3  3   0   0
 3  4  17   0
 3  5  28   0
 3  6  26   0
 3  7  38   0
 3  8  30  24
 3  9  32  30
 3 10  41  28
 3 11  26  14
 3 12  28   4
 3 13  29  15
 3 14  34  20
 3 15  11   7
 3 16  14   0
 3 17  15   0
 3 18  18   0
 3 19  15   0
 3 20  16  16
 3 21  15  15
 3 22  14  14
 3 23  13  13
 3 24  22   0
 3 25  15   0
 3 26  19   6
 3 27  21   0
 3 28   4   4
 3 29   9   0
 3 30  23  23
 3 31  23  23
 4  1  18  18
 4  2  26  20
 4  3  24  21
 4  4  15   0
 4  5  14   0
 4  6  57  48
 4  7  68  56
 4  8  70  42
 4  9  90  27
 4 10  78   0
 4 11  62   0
 4 12  73   0
 4 13  76  50
 4 14  45  45
 4 15  62  62
 4 16  64  62
 4 17  57  30
 4 18  41   0
 4 19  47   0
 4 20  22   0
 4 21  12   0
 4 22   0   0
 4 23   0   0
 4 24   0   0
 4 25   0   0
 4 26   0   0
 4 27   0   0
 4 28   0   0
 4 29  13   0
 4 30  26   0
 5  1  24   2
 5  2  26   0
 5  3  34  34
 5  4  30  28
 5  5  42  31
 5  6  56  39
 5  7  50  33
 5  8  52  34
 5  9  57  20
 5 10  77  24
 5 11  83  32
 5 12  72  21
 5 13  61  46
 5 14  63  38
 5 15  86  48
 5 16  96  40
 5 17 104  33
 5 18 119  59
 5 19  94  40
 5 20  74  33
 5 21  60  28
 5 22  35   0
 5 23  46   0
 5 24  49   0
 5 25  31   6
 5 26  19   2
 5 27  22  11
 5 28  47  13
 5 29  33  22
 5 30  52  42
 5 31  44  24
 6  1  43  23
 6  2  42   9
 6  3  19   0
 6  4  17   6
 6  5  40  10
 6  6  12   0
 6  7  30  18
 6  8  68  26
 6  9  75  33
 6 10 107  78
 6 11  95  60
 6 12  92  73
 6 13  89  74
 6 14  84  50
 6 15  58  14
 6 16  45  18
 6 17  32  14
 6 18  27   0
 6 19  36   7
 6 20  32   0
 6 21  23   0
 6 22   7   4
 6 23  14  14
 6 24  31  10
 6 25  42   5
 6 26  45  20
 6 27  51  22
 6 28  46  27
 6 29  52  22
 6 30  46  24
 7  1  44  20
 7  2  40  16
 7  3  40   8
 7  4  27   0
 7  5  13   0
 7  6  18   0
 7  7  15  11
 7  8  14  10
 7  9  25  22
 7 10  16   9
 7 11  12  12
 7 12  14   0
 7 13  26  14
 7 14  32  19
 7 15  31  17
 7 16  24   0
 7 17  14   0
 7 18  13   0
 7 19  21   0
 7 20  16   0
 7 21  30  16
 7 22  25  12
 7 23  34  32
 7 24  37  31
 7 25  36  28
 7 26  25  18
 7 27  19   0
 7 28  15   0
 7 29  17   2
 7 30  52  28
 7 31  74   0
 8  1  80   0
 8  2  66  29
 8  3  70  55
 8  4  60  60
 8  5  53  53
 8  6  48  43
 8  7  54  34
 8  8  29   0
 8  9  28   0
 8 10  25   0
 8 11  12   0
 8 12   0   0
 8 13  13   0
 8 14  16  16
 8 15  15   4
 8 16  23   0
 8 17  29  29
 8 18  48  30
 8 19  46  30
 8 20  47   8
 8 21  74  31
 8 22  80  51
 8 23  77   6
 8 24  58   4
 8 25  67   0
 8 26  33   0
 8 27  26   0
 8 28  18   0
 8 29  23   2
 8 30  20  18
 8 31  41  28
 9  1  38  19
 9  2  28  28
 9  3  34  32
 9  4  68  52
 9  5  70  44
 9  6  50  29
 9  7  16   0
 9  8  21   8
 9  9  25   7
 9 10  31   0
 9 11  35   0
 9 12  43   7
 9 13  49  16
 9 14  71  30
 9 15  93  67
 9 16  91  62
 9 17  93  48
 9 18  86   0
 9 19  78  58
 9 20  79  64
 9 21  66  51
 9 22  64  59
 9 23  57   0
 9 24  48   0
 9 25  40   9
 9 26  23   0
 9 27   0   0
 9 28   0   0
 9 29   0   0
 9 30   0   0
10  1   0   0
10  2   0   0
10  3  14   0
10  4   6   0
10  5   0   0
10  6  14   0
10  7  20   0
10  8  40   0
10  9  36   0
10 10  39  21
10 11  41  29
10 12  49  30
10 13  53  20
10 14  68  30
10 15  67  28
10 16  65  40
10 17  61  12
10 18  42   8
10 19  29   8
10 20  27   0
10 21  29   0
10 22  38   0
10 23  44   0
10 24  55  36
10 25  80  68
10 26  61  44
10 27  48  32
10 28  28  17
10 29  60  23
10 30  78  31
10 31  68  54
11  1  54  45
11  2  60  18
11  3  55   4
11  4  63   0
11  5  38   0
11  6  24  20
11  7  16  16
11  8  15  15
11  9  14  14
11 10   7   2
11 11  13  13
11 12  11  11
11 13   0   0
11 14   3   3
11 15   4   2
11 16  28   2
11 17  37   9
11 18  37   5
11 19  29   0
11 20  38  10
11 21  41  21
11 22  57  34
11 23  43  18
11 24  54  14
11 25  40  25
11 26  46  33
11 27  32  32
11 28  30  30
11 29  26  13
11 30  28   0
12  1  26   0
12  2  38  10
12  3  30  15
12  4  32  14
12  5  28  22
12  6  20  20
12  7  18  18
12  8  18  18
12  9  33   3
12 10  25   0
12 11  31   0
12 12  19   0
12 13  13   0
12 14   0   0
12 15   4   0
12 16   5   0
12 17   0   0
12 18  14   0
12 19  10   0
12 20  13   0
12 21  13   0
12 22  11   0
12 23  14  10
12 24  12   4
12 25  16   0
12 26   0   0
12 27   0   0
12 28   0   0
12 29   0   0
12 30   0   0
12 31   0   0
