 1  1  28  28
 1  2  32   0
 1  3  44   0
 1  4  34   0
 1  5  36   0
 1  6  24   0
 1  7  17   0
 1  8  21  21
 1  9  20  20
 1 10  15  14
 1 11  15   0
 1 12   6   0
 1 13   0   0
 1 14  15   2
 1 15  14   0
 1 16  12  12
 1 17  12  12
 1 18  19   0
 1 19  31   0
 1 20  40   0
 1 21  32   0
 1 22  23   0
 1 23  24   0
 1 24  25   0
 1 25  29   0
 1 26  31   0
 1 27  39   0
 1 28  29  24
 1 29  36   0
 1 30  47   0
 1 31  21   0
 2  1  21   0
 2  2  16  16
 2  3  16  13
 2  4  20  20
 2  5  12  12
 2  6  21   0
 2  7  34   0
 2  8  26   0
 2  9  28   0
 2 10  24   0
 2 11  25   4
 2 12  31  18
 2 13  26  12
 2 14  26   0
 2 15  29   0
 2 16  26   0
 2 17  12   0
 2 18   0   0
 2 19   0   0
 2 20   0   0
 2 21  13   0
 2 22   0   0
 2 23   0   0
 2 24  12   0
 2 25  25   0
 2 26  29   0
 2 27  40   6
 2 28  32  15
 3  1  22  20
 3  2  10  10
 3  3   7   7
 3  4  14   0
 3  5  13   3
 3  6  26  15
 3  7  49   0
 3  8  24   0
 3  9   0   0
 3 10  18   0
 3 11  14   0
 3 12  23   0
 3 13  32   0
 3 14  23   0
 3 15  14   0
 3 16  17   0
 3 17  16   0
 3 18  25   0
 3 19  30   0
 3 20  20   0
 3 21  26   0
 3 22   4   0
 3 23   0   0
 3 24   2   0
 3 25   6   0
 3 26  25   0
 3 27  16   0
 3 28  17  17
 3 29  14  14
 3 30   9   9
 3 31   6   6
 4  1   0   0
 4  2   0   0
 4  3   0   0
 4  4   0   0
 4  5   0   0
 4  6   0   0
 4  7   0   0
 4  8   0   0
 4  9   0   0
 4 10   0   0
 4 11   0   0
 4 12  13   0
 4 13  15   0
 4 14  14   0
 4 15  36   0
 4 16  22  22
 4 17  17  17
 4 18  13  13
 4 19   8   8
 4 20  12   0
 4 21   5   5
 4 22  19  19
 4 23  26  26
 4 24  16   0
 4 25  14   2
 4 26  20  13
 4 27  16   0
 4 28  15   0
 4 29   0   0
 4 30   0   0
 5  1   0   0
 5  2   9   0
 5  3   7   0
 5  4  14   0
 5  5  12   0
 5  6   9   0
 5  7  19   0
 5  8  22   0
 5  9  21   0
 5 10   0   0
 5 11   3   0
 5 12  18   0
 5 13  36   0
 5 14  16  11
 5 15  34  15
 5 16  41  18
 5 17  69   0
 5 18 101  10
 5 19 123   0
 5 20 103  48
 5 21  84  47
 5 22  94  58
 5 23  61  29
 5 24  59   5
 5 25  46   0
 5 26  34   0
 5 27   4   0
 5 28   0   0
 5 29   0   0
 5 30   0   0
 5 31   0   0
 6  1   5   0
 6  2  29  29
 6  3  41  39
 6  4  56  44
 6  5  48  24
 6  6  42   0
 6  7  47   0
 6  8  38   0
 6  9  37   0
 6 10  13   0
 6 11   8   0
 6 12   0   0
 6 13   0   0
 6 14   0   0
 6 15   0   0
 6 16   0   0
 6 17   5   2
 6 18  26   0
 6 19  21   0
 6 20  25   0
 6 21  34   0
 6 22  27   0
 6 23   7   0
 6 24   7   2
 6 25   6   0
 6 26   8   0
 6 27  14   0
 6 28  16   0
 6 29  14   0
 6 30  20   0
 7  1  16  16
 7  2  30  15
 7  3  28  18
 7  4  24  24
 7  5  19   0
 7  6  25   0
 7  7  28  23
 7  8  29  29
 7  9  32  32
 7 10  46  31
 7 11  45   0
 7 12  42  10
 7 13  32   5
 7 14  17   0
 7 15  18  18
 7 16  12   0
 7 17  13   0
 7 18   0   0
 7 19   0   0
 7 20   0   0
 7 21   0   0
 7 22   6   0
 7 23   0   0
 7 24   0   0
 7 25   0   0
 7 26   0   0
 7 27   6   6
 7 28   0   0
 7 29   0   0
 7 30  11   0
 7 31  12   0
 8  1   0   0
 8  2   0   0
 8  3  12   0
 8  4  12   0
 8  5   0   0
 8  6  19   0
 8  7  15   2
 8  8  23   0
 8  9  17   0
 8 10  20   0
 8 11  21   0
 8 12  21   0
 8 13  17   0
 8 14   0   0
 8 15   0   0
 8 16   0   0
 8 17   0   0
 8 18  12  12
 8 19  14  14
 8 20   5   0
 8 21   0   0
 8 22   0   0
 8 23   2   2
 8 24  10  10
 8 25   0   0
 8 26   2   0
 8 27  17   0
 8 28  21   0
 8 29  13  13
 8 30  14  14
 8 31  34  34
 9  1  34  31
 9  2  35   0
 9  3  33   0
 9  4  36   0
 9  5  35   0
 9  6  28  15
 9  7  36  36
 9  8  29  29
 9  9  25  25
 9 10  24   0
 9 11  15   0
 9 12  24   0
 9 13  27   0
 9 14  17   0
 9 15  12   0
 9 16  26  14
 9 17  14  14
 9 18  12  12
 9 19   6   3
 9 20   2   0
 9 21   5   0
 9 22   0   0
 9 23  12  12
 9 24  20   0
 9 25  16   0
 9 26  20   0
 9 27  34   0
 9 28  34   3
 9 29  51   0
 9 30  58   0
10  1  72  72
10  2  69  63
10  3  75  69
10  4  84  50
10  5  74  13
10  6  48   0
10  7  36   0
10  8  15   0
10  9   8   0
10 10  17   0
10 11  12   0
10 12  13   0
10 13  12  12
10 14  11  11
10 15   0   0
10 16   9   9
10 17   0   0
10 18   0   0
10 19   0   0
10 20  16  16
10 21  17  14
10 22  23   0
10 23  29   0
10 24  25   0
10 25  20   0
10 26  22  10
10 27  13  13
10 28  12  12
10 29  12  12
10 30  12  12
10 31  18   5
11  1  29  19
11  2  43  18
11  3  40   0
11  4  18   0
11  5  22   0
11  6  28  20
11  7  52  34
11  8  51  38
11  9  41  11
11 10  47  19
11 11  54  24
11 12  41  21
11 13  24   0
11 14  21   0
11 15  16   0
11 16  14   0
11 17  13   0
11 18   0   0
11 19   0   0
11 20   0   0
11 21   0   0
11 22   8   0
11 23   0   0
11 24   6   6
11 25   8   8
11 26   8   8
11 27   4   4
11 28   8   0
11 29  15   0
11 30  12   0
12  1  13   0
12  2  14   0
12  3  25   0
12  4  13  13
12  5  12  12
12  6  12   0
12  7  13   0
12  8  22   0
12  9  14   0
12 10  12   0
12 11   0   0
12 12   8   0
12 13  14   8
12 14  19  12
12 15  18  18
12 16  27   0
12 17  27   0
12 18  29   0
12 19  22   0
12 20  21   6
12 21   5   0
12 22  16   0
12 23  15   0
12 24  15   0
12 25  17  17
12 26  20  20
12 27  41   0
12 28  76   0
12 29  80  15
12 30  66  34
12 31  59  42
