 1  1  48   2
 1  2  68  14
 1  3  87  15
 1  4 107  61
 1  5 118  48
 1  6 115  93
 1  7 102  74
 1  8  91  40
 1  9 105  36
 1 10  93  14
 1 11  86  18
 1 12  53  14
 1 13  32   6
 1 14  26  10
 1 15  31   0
 1 16  16   0
 1 17  22   4
 1 18  47  33
 1 19  58  44
 1 20  66  44
 1 21  58  33
 1 22  70   4
 1 23  79  34
 1 24  82  44
 1 25  72  27
 1 26  26  26
 1 27  16  11
 1 28  24   0
 1 29  31  18
 1 30  22   8
 1 31  12  12
 2  1   0   0
 2  2  29   0
 2  3  27   0
 2  4  28   0
 2  5  43  18
 2  6  49  26
 2  7  46  15
 2  8  58   4
 2  9  92  18
 2 10  78  51
 2 11  97  67
 2 12 106  63
 2 13 126  60
 2 14 135  18
 2 15  96  35
 2 16  89  49
 2 17  72  54
 2 18  44  31
 2 19  41  13
 2 20  35  16
 2 21  49  18
 2 22  57  16
 2 23  55   0
 2 24  61   0
 2 25  84  26
 2 26  51  23
 2 27  42  18
 2 28  75  44
 3  1  66  38
 3  2  67  35
 3  3  62  29
 3  4  43   0
 3  5  32   0
 3  6  54   0
 3  7  60   0
 3  8  82   0
 3  9  84  40
 3 10 101  52
 3 11 114  73
 3 12 136  68
 3 13 129  81
 3 14 118  82
 3 15 140 106
 3 16 107  40
 3 17  64   4
 3 18  76   0
 3 19  66   0
 3 20  23   0
 3 21  25  25
 3 22  44  32
 3 23  60  43
 3 24  38   0
 3 25  42   0
 3 26  66  18
 3 27  60  22
 3 28  61  18
 3 29  60  32
 3 30  69  14
 3 31  74  45
 4  1 112  56
 4  2 122  67
 4  3 157  67
 4  4 165 115
 4  5  95  20
 4  6 118  34
 4  7 116  45
 4  8 136  59
 4  9 144 124
 4 10 147 134
 4 11 107  67
 4 12  88  57
 4 13  82  21
 4 14  48   0
 4 15  47  38
 4 16  41  11
 4 17  51  10
 4 18  12   0
 4 19  35   0
 4 20  60  30
 4 21  62  26
 4 22  84  63
 4 23  86  70
 4 24  94  50
 4 25  82  35
 4 26  83  36
 4 27  96  54
 4 28  86  54
 4 29  80  56
 4 30  60  45
 5  1  41   9
 5  2  61   0
 5  3  60   0
 5  4  88   0
 5  5 103  66
 5  6 109  85
 5  7 118  45
 5  8  87  87
 5  9  42  40
 5 10  35   0
 5 11  41  13
 5 12  20   0
 5 13  21   0
 5 14   3   0
 5 15  34   0
 5 16  43  20
 5 17  59  22
 5 18  65  17
 5 19  68  52
 5 20  47  43
 5 21  80  64
 5 22  89  49
 5 23  73  44
 5 24  70  45
 5 25 100  81
 5 26  63  50
 5 27  81  52
 5 28  50  13
 5 29  40  19
 5 30  32   0
 5 31  28   0
 6  1  15   0
 6  2  18   0
 6  3  19  19
 6  4  16   0
 6  5   7   0
 6  6  24   0
 6  7  62  34
 6  8  57  26
 6  9  36   0
 6 10  61  13
 6 11 104  45
 6 12 101  48
 6 13 109  47
 6 14  84  32
 6 15  80   0
 6 16  80  53
 6 17  86  46
 6 18  42  29
 6 19  50  21
 6 20  86   3
 6 21 102   0
 6 22 124  44
 6 23  92  70
 6 24  73  73
 6 25  76  76
 6 26  83  59
 6 27  74  29
 6 28  83  10
 6 29  76  10
 6 30  51   0
 7  1  46   0
 7  2  46   0
 7  3  56  32
 7  4  70  66
 7  5  70  70
 7  6  99  99
 7  7  92  84
 7  8  86  48
 7  9  60  24
 7 10  53   0
 7 11  38   0
 7 12  32  16
 7 13  21  18
 7 14  25   6
 7 15  19   0
 7 16  18   4
 7 17  35   8
 7 18  67  21
 7 19  53  15
 7 20  22   9
 7 21  20   4
 7 22  32  19
 7 23   0   0
 7 24  20  20
 7 25  20  12
 7 26  18   4
 7 27  14   0
 7 28  16   0
 7 29  33   0
 7 30  18  18
 7 31  27  27
 8  1  49  26
 8  2  35  22
 8  3  30   0
 8  4  53  19
 8  5  51  25
 8  6  58  49
 8  7  68  56
 8  8  70  31
 8  9  65  29
 8 10  48  14
 8 11  39  14
 8 12   8   3
 8 13   0   0
 8 14   0   0
 8 15   0   0
 8 16   0   0
 8 17   0   0
 8 18  12   0
 8 19  18   0
 8 20  12   0
 8 21  30  20
 8 22  18  18
 8 23  24  16
 8 24  30  16
 8 25  44  18
 8 26  46   0
 8 27  52  13
 8 28  76  51
 8 29  90  59
 8 30  84  64
 8 31 112  73
 9  1 145  52
 9  2 211  70
 9  3 189  71
 9  4 204  91
 9  5 149  89
 9  6 149  58
 9  7 124  82
 9  8  99  57
 9  9 133  52
 9 10 115   0
 9 11  83   0
 9 12  45   0
 9 13   6   0
 9 14   0   0
 9 15  13   0
 9 16  38  24
 9 17  30  12
 9 18  20   0
 9 19  13  13
 9 20  43  16
 9 21  58  18
 9 22  79  30
 9 23  76  24
 9 24  86  39
 9 25  98  68
 9 26  95  70
 9 27 108  42
 9 28 110  47
 9 29 120  20
 9 30 130  36
10  1 124  79
10  2 122  92
10  3  85  38
10  4  89  50
10  5  72  12
10  6  52   0
10  7  40   0
10  8  29   0
10  9  41  13
10 10  14   5
10 11   0   0
10 12   0   0
10 13  14  14
10 14  26  16
10 15  19   5
10 16  32   0
10 17  29   0
10 18  26   0
10 19   0   0
10 20   0   0
10 21   0   0
10 22  22   0
10 23  29   0
10 24  44   0
10 25  69   0
10 26  97  34
10 27  78  51
10 28  85  55
10 29  94  60
10 30  76  37
10 31  57  17
11  1  42  17
11  2  50  22
11  3  36   0
11  4  33   0
11  5  13   0
11  6   0   0
11  7   0   0
11  8   0   0
11  9   0   0
11 10   0   0
11 11   6   6
11 12   0   0
11 13  13   0
11 14  16   0
11 15  29   0
11 16  24   0
11 17  21  21
11 18  19  19
11 19  31  24
11 20  20  20
11 21  20  20
11 22  35   5
11 23  57  31
11 24  53   8
11 25  51   0
11 26  88  60
11 27  81  57
11 28  85  47
11 29  96  48
11 30 110   0
12  1  51   0
12  2  29   0
12  3  23   0
12  4   5   0
12  5   0   0
12  6   0   0
12  7   0   0
12  8  13   0
12  9  13   0
12 10  12   0
12 11  12   0
12 12  13  13
12 13  13  13
12 14  14  14
12 15  13  13
12 16  28   0
12 17  35   0
12 18  53   0
12 19  51  10
12 20  63  41
12 21  61  61
12 22  68  68
12 23  68  52
12 24  74  18
12 25  75   0
12 26  68   0
12 27  29   0
12 28  17   0
12 29   0   0
12 30   0   0
12 31   0   0
