 1  1  22  22
 1  2  22  22
 1  3  20  20
 1  4  15  15
 1  5  18   0
 1  6  12   0
 1  7  11   0
 1  8   0   0
 1  9   0   0
 1 10   0   0
 1 11   0   0
 1 12   0   0
 1 13   0   0
 1 14   0   0
 1 15   8   0
 1 16  12   0
 1 17   0   0
 1 18  14   0
 1 19  13   0
 1 20   3   0
 1 21  15  15
 1 22  24  24
 1 23  23  22
 1 24  18   0
 1 25   7   0
 1 26  19   0
 1 27  22   0
 1 28  28   0
 1 29  16   0
 1 30   0   0
 1 31   0   0
 2  1   0   0
 2  2   0   0
 2  3   0   0
 2  4   0   0
 2  5   0   0
 2  6   0   0
 2  7   0   0
 2  8   0   0
 2  9   0   0
 2 10   0   0
 2 11   0   0
 2 12   0   0
 2 13   0   0
 2 14   0   0
 2 15  16  16
 2 16   0   0
 2 17   0   0
 2 18   0   0
 2 19   0   0
 2 20   0   0
 2 21   0   0
 2 22   0   0
 2 23   0   0
 2 24   0   0
 2 25  12   0
 2 26  12   0
 2 27  13   0
 2 28  13   0
 3  1  18   0
 3  2  33   0
 3  3  18   0
 3  4  14   0
 3  5  41  13
 3  6  31  31
 3  7  32   0
 3  8  24   0
 3  9  19   0
 3 10  15   0
 3 11   7   0
 3 12   0   0
 3 13   0   0
 3 14   6   0
 3 15  13   0
 3 16  13   0
 3 17  29  17
 3 18  27  15
 3 19  12   0
 3 20   0   0
 3 21  17   0
 3 22  25   0
 3 23  23   0
 3 24  27   0
 3 25  22   0
 3 26  12   0
 3 27  14   0
 3 28  15   0
 3 29  23   0
 3 30  18   8
 3 31  22  21
 4  1  22  22
 4  2  15  15
 4  3  16   0
 4  4  16   0
 4  5  32   0
 4  6  53   0
 4  7  73  13
 4  8  70  25
 4  9 108  35
 4 10  98  27
 4 11 103  30
 4 12 108  64
 4 13 103  75
 4 14  71  44
 4 15  98  21
 4 16  92  26
 4 17  46   0
 4 18  41   0
 4 19  50   0
 4 20   0   0
 4 21  16   0
 4 22  37  17
 4 23  38  17
 4 24  43   6
 4 25  35   0
 4 26  27  13
 4 27  12  12
 4 28  14  14
 4 29  23  20
 4 30  37  22
 5  1  45   0
 5  2  41   0
 5  3  41   0
 5  4  24   0
 5  5  36  13
 5  6  34  13
 5  7  43  14
 5  8  31   9
 5  9  23   0
 5 10  23   0
 5 11  28  25
 5 12  18  18
 5 13  29   0
 5 14  23   0
 5 15  47   0
 5 16  53   0
 5 17  80   0
 5 18  72   0
 5 19  84   0
 5 20  59  15
 5 21  30  26
 5 22  39   0
 5 23  44   0
 5 24  28   0
 5 25  33   0
 5 26  46   0
 5 27  40  15
 5 28  40  30
 5 29  21  21
 5 30  22   0
 5 31  15   0
 6  1  19   0
 6  2  12   0
 6  3   0   0
 6  4   0   0
 6  5   0   0
 6  6   0   0
 6  7   0   0
 6  8   0   0
 6  9   0   0
 6 10   0   0
 6 11   0   0
 6 12  20  13
 6 13  17   0
 6 14  13   0
 6 15   3   0
 6 16   0   0
 6 17  14   5
 6 18  17   9
 6 19  15   0
 6 20  20   6
 6 21  34   8
 6 22  37  15
 6 23  36  23
 6 24  44  31
 6 25  40  25
 6 26  47   0
 6 27  45   0
 6 28  57   0
 6 29  35   0
 6 30  11   0
 7  1   3   3
 7  2   5   5
 7  3   0   0
 7  4   0   0
 7  5   0   0
 7  6   0   0
 7  7   4   0
 7  8  10   0
 7  9  17   0
 7 10  15   0
 7 11   0   0
 7 12   0   0
 7 13   0   0
 7 14   0   0
 7 15   0   0
 7 16  15   0
 7 17  18   0
 7 18  16   0
 7 19  33   0
 7 20  36   0
 7 21  76  17
 7 22  97  17
 7 23 137  36
 7 24 121  22
 7 25 127  16
 7 26 114   0
 7 27 109  32
 7 28  76   0
 7 29  55  27
 7 30  81  40
 7 31  78  44
 8  1  60  29
 8  2  54  25
 8  3  54   0
 8  4  37   0
 8  5  39   0
 8  6  35   0
 8  7  38   0
 8  8  59   0
 8  9  34   0
 8 10  48   0
 8 11  65   0
 8 12  46   0
 8 13  52   0
 8 14  49   0
 8 15  58   0
 8 16  73   0
 8 17  62   0
 8 18  46   0
 8 19  50   0
 8 20  52   0
 8 21  56   0
 8 22  36   0
 8 23  46   0
 8 24  52   0
 8 25  41   0
 8 26  38  18
 8 27  29  12
 8 28  23  16
 8 29  16   0
 8 30  13   0
 8 31  31   0
 9  1  39   0
 9  2  43   0
 9  3  47   0
 9  4  42   0
 9  5  44   0
 9  6  63   0
 9  7  78  23
 9  8  81   0
 9  9  74   0
 9 10  72   0
 9 11  77   0
 9 12  61   0
 9 13  43   0
 9 14  26   0
 9 15  20   0
 9 16  22   0
 9 17  28   0
 9 18  32   0
 9 19  44   0
 9 20  41   0
 9 21  42   9
 9 22  27  12
 9 23  26  13
 9 24  29  13
 9 25  13  13
 9 26  12   0
 9 27  12   0
 9 28  25   0
 9 29  34   0
 9 30  32   0
10  1  46   0
10  2  36   0
10  3  40   0
10  4  60  41
10  5  56  37
10  6  39  26
10  7  37   0
10  8  54  24
10  9  40   7
10 10  52   0
10 11  70   6
10 12  61   0
10 13  68   0
10 14  76   0
10 15  97  48
10 16 104  49
10 17  83  34
10 18  82   0
10 19  78   0
10 20  83   0
10 21  61   0
10 22  46   0
10 23  36   0
10 24  13   0
10 25  29   0
10 26  56   0
10 27  47   0
10 28  67  31
10 29  83  27
10 30  65  23
10 31  72  53
11  1  66  16
11  2  67   0
11  3  65   0
11  4  54   0
11  5  52   0
11  6  43   0
11  7  17  17
11  8  37  15
11  9  51  22
11 10  38   0
11 11  37   0
11 12  26   0
11 13  18   0
11 14  26   0
11 15  21   0
11 16  48   0
11 17  55  29
11 18  68  54
11 19  67   0
11 20  43   0
11 21  49  17
11 22  73  39
11 23 999 999
11 24  57   0
11 25  41   0
11 26  49  12
11 27  30  14
11 28  13   0
11 29   6   0
11 30   6   0
12  1  17  17
12  2  16   0
12  3  13   0
12  4  20   0
12  5  18  14
12  6  24  21
12  7  37  29
12  8  32   0
12  9  37   0
12 10  40   0
12 11  15   0
12 12  14   0
12 13  16   0
12 14  31   0
12 15  57   0
12 16  49  16
12 17  46  16
12 18 999 999
12 19  59   0
12 20  22   0
12 21  17   0
12 22  26   0
12 23  26   0
12 24  23   0
12 25  18   0
12 26  27   6
12 27  30   0
12 28  28   0
12 29  34   0
12 30  46   0
12 31  41  18
